195.35
185.5
176.85
140.8
173.05
188.7
167.4
159.0
190.5
156.1
158.25
152.35
162.4
152.3
129.3
153.7
127.3
128.75
144.1
143.8
138.35
133.7
173.5
113.05
131.1
146.4
122.95
131.8
109.85
130.5
139.05
123.6
96.75
144.6
103.6
122.55
121.0
112.05
122.35
125.0
133.45
110.75
145.25
138.65
131.95
106.05
136.85
102.8
143.75
111.65
128.15
123.95
134.8
125.8
149.2
134.05
147.2
130.25
105.6
126.5
146.9
117.9
97.65
131.85
122.65
146.3
106.5
118.75
133.3
128.85
88.4
102.85
119.25
98.0
117.15
106.85
106.85
124.9
92.35
122.05
125.55
100.35
131.45
133.15
112.0
103.6
101.05
105.15
135.1
120.6
125.1
111.7
125.25
134.25
116.1
118.0
94.4
114.3
83.0
115.15
105.4
113.8
106.3
102.0
107.5
84.55
87.95
115.4
109.6
109.85
131.7
120.95
114.65
106.05
112.2
108.75
110.25
118.3
128.1
111.0
96.25
106.55
139.7
94.9
97.25
99.0
105.9
116.7
112.1
95.7
98.9
96.6
94.55
109.35
101.1
99.35
107.3
91.0
111.9
89.75
109.6
77.95
128.5
107.5
102.45
108.85
107.3
101.05
110.65
87.7
137.95
103.4
98.2
104.05
104.15
97.75
95.9
97.65
103.6
98.4
104.15
108.8
94.5
85.9
89.1
91.1
104.15
103.25
78.35
83.1
108.5
99.25
93.35
115.1
97.4
84.25
99.8
88.75
106.6
90.45
118.8
110.25
92.5
84.5
105.7
112.3
103.85
85.1
115.95
104.2
126.4
102.65
93.85
108.4
110.05
112.9
99.4
99.1
98.8
100.1
111.5
86.3
117.4
100.55
90.25
90.55
98.0
101.35
98.55
92.15
127.0
85.2
105.8
90.5
84.6
95.75
105.3
76.35
113.5
95.6
86.0
99.9
95.35
90.1
114.25
92.65
98.15
92.65
88.0
101.25
89.6
98.2
101.0
92.05
112.05
96.05
81.85
83.7
98.2
87.45
88.65
90.05
104.6
94.35
108.35
86.75
101.75
71.85
104.3
87.2
105.95
91.35
80.45
99.2
80.35
98.45
105.2
97.05
107.9
119.0
101.1
82.35
83.8
93.75
87.75
92.3
90.85
115.15
67.55
107.75
116.55
113.75
106.55
83.8
102.05
97.25
104.05
106.1
92.7
106.65
111.55
89.45
87.0
113.45
104.55
92.95
104.2
81.95
86.55
91.25
95.05
108.65
113.85
92.9
98.45
99.75
108.15
101.65
83.55
85.65
75.2
97.15
99.5
91.1
106.4
89.05
93.95
106.2
102.15
94.9
93.2
100.45
116.3
103.65
106.4
105.0
102.05
96.05
110.15
108.8
100.8
89.8
100.45
93.95
104.1
108.35
102.35
119.9
116.6
94.2
91.85
107.35
95.05
98.25
94.0
92.1
96.05
88.15
102.35
81.45
104.0
98.45
98.65
112.05
83.05
95.55
95.9
111.95
87.15
102.65
100.05
103.15
111.5
104.7
98.25
90.35
98.95
96.0
108.5
99.2
95.65
96.4
109.95
112.8
110.35
105.65
101.3
92.0
120.05
112.8
113.85
110.45
105.6
78.9
90.45
92.0
89.25
125.7
85.85
98.5
75.55
102.6
120.75
108.2
111.75
90.65
108.2
105.95
112.85
98.65
92.45
96.05
91.3
87.3
90.2
101.05
108.0
95.4
91.05
104.0
118.1
90.3
108.9
83.7
92.15
100.2
85.8
101.4
105.4
97.05
90.2
99.8
79.1
110.1
80.95
83.6
90.3
97.85
108.35
107.3
86.35
87.1
107.5
86.35
117.95
88.95
103.7
97.7
83.15
97.4
94.0
88.75
86.5
117.7
101.55
118.05
119.65
97.65
107.3
88.65
113.45
95.65
100.2
117.85
84.1
89.75
122.15
77.95
83.4
97.2
94.25
93.45
116.4
99.85
103.85
97.2
81.55
91.85
124.1
87.8
95.45
90.25
96.65
97.4
90.0
108.85
104.05
99.55
86.05
96.2
75.3
90.0
102.05
88.8
96.8
111.7
120.6
74.25
89.85
131.85
91.1
101.55
88.15
99.6
82.95
100.1
76.9
89.6
101.35
116.8
98.35
78.2
77.8
86.2
103.8
92.0
107.65
109.4
104.75
104.55
96.85
89.15
88.85
113.3
98.4
92.4
99.0
92.2
82.2
95.8
105.4
107.2
101.9
99.35
97.3
85.15
76.65
99.1
104.45
76.55
98.45
116.65
91.4
101.7
100.3
125.8
112.7
117.55
103.45
86.15
87.8
94.35
109.3
86.65
105.6
85.75
102.2
110.5
103.8
81.6
91.9
106.95
98.5
98.1
96.5
100.2
94.95
91.55
101.95
108.25
97.95
82.35
104.7
110.9
113.65
118.4
95.35
108.05
89.8
107.15
101.4
89.5
95.15
93.4
95.3
80.95
90.15
111.8
107.7
94.45
112.05
97.45
105.0
103.1
94.1
118.5
81.8
78.3
100.65
103.0
77.4
99.2
104.3
94.35
101.05
100.65
107.5
111.9
98.05
97.05
93.2
87.25
118.4
116.0
109.2
93.85
99.2
109.9
94.4
113.9
96.3
115.55
98.55
116.7
92.55
88.95
115.3
107.5
101.0
94.1
101.45
107.7
91.45
99.8
125.05
83.9
104.65
100.15
81.4
99.45
85.7
86.1
111.4
93.0
103.05
89.05
97.85
88.2
114.4
98.05
96.35
93.65
92.4
87.3
78.65
101.15
98.65
121.75
117.35
102.75
112.4
90.6
98.35
122.05
93.2
93.4
87.0
91.75
97.9
118.3
96.85
108.65
101.1
106.55
95.9
121.8
92.65
96.75
87.75
101.2
96.55
89.65
108.55
79.05
108.1
107.3
116.85
101.15
113.35
102.65
101.2
86.0
96.35
66.9
113.9
100.15
110.55
95.6
111.9
94.7
109.05
109.9
113.15
92.15
98.2
98.3
83.7
106.7
108.6
102.85
88.15
112.35
101.2
89.85
99.4
101.05
83.5
99.45
102.9
121.9
125.4
114.9
106.95
97.05
113.35
92.6
91.7
85.15
100.0
102.8
97.65
96.1
120.95
109.2
109.9
110.8
91.75
97.85
104.0
120.65
86.7
108.65
113.85
88.95
99.9
108.95
86.95
91.9
99.85
114.0
107.55
94.0
111.8
95.15
79.45
93.2
98.65
93.0
83.7
110.75
117.4
104.9
92.0
93.65
91.05
114.4
98.55
127.5
90.1
88.7
91.85
94.65
111.8
100.4
111.3
94.85
98.95
101.75
94.05
95.95
94.25
84.8
111.3
91.1
106.5
110.15
90.7
91.75
98.2
100.75
85.4
106.8
89.5
108.05
98.65
98.25
94.2
109.7
88.65
119.05
90.65
102.05
117.95
107.0
104.3
104.7
87.9
102.8
107.9
90.5
95.65
81.5
92.0
103.55
105.2
80.5
99.0
103.35
106.3
113.8
93.3
102.2
94.25
107.65
118.75
102.3
95.0
101.7
115.8
101.45
92.7
105.8
85.05
103.65
98.6
107.5
89.55
96.0
71.2
97.3
110.65
101.45
104.3
110.55
88.05
96.35
121.95
91.15
90.6
119.4
98.95
121.7
84.05
119.9
83.05
103.5
94.75
101.15
98.9
84.75
94.85
82.4
111.25
100.55
118.15
130.95
115.75
104.65
89.35
87.9
109.0
118.15
75.95
98.45
110.3
79.7
82.35
65.3
94.95
109.9
107.85
118.35
83.3
86.55
117.45
103.8
87.2
93.35
95.95
109.85
108.3
90.8
107.75
119.8
94.0
115.6
103.15
110.7
95.05
93.5
117.5
92.45
97.9
97.8
100.8
118.55
93.9
93.15
100.95
92.65
108.6
111.5
109.75
102.65
96.3
115.1
71.15
95.8
113.4
96.35
93.35
114.9
77.1
112.3
100.4
102.1
115.3
92.15
92.4
109.9
80.5
108.9
99.25
101.1
89.55
88.45
110.6
106.05
106.75
106.8
88.25
106.7
109.35
66.25
89.1
91.8
116.9
125.35
132.55
103.25
106.5
113.85
87.55
107.3
101.85
91.8
88.45
115.65
131.45
89.85
86.9
111.4
101.65
86.3
103.35
79.8
91.0
112.35
88.1
85.1
97.75
99.3
92.95
102.2
114.25
84.15
88.15
101.65
82.45
108.35
104.5
80.6
82.5
95.25
107.75
108.95
88.55
114.1
83.0
113.2
94.7
110.5
99.75
106.6
89.35
97.65
100.55
84.15
98.3
83.75
97.3
86.7
98.2
106.15
92.55
110.6
100.35
114.3
126.7
107.45
104.8
106.2
108.1
82.15
99.6
98.6
99.6
127.95
81.15
92.9
99.65
67.1
98.0
98.75
84.7
102.15
102.1
84.35
94.3
99.25
100.05
99.35
106.5
81.35
89.5
97.55
105.4
86.7
104.65
81.5
112.8
100.4
96.85
105.35
126.35
92.05
92.2
104.0
113.25
93.6
105.0
101.2
95.5
115.9
90.1
97.7
107.7
115.2
95.05
92.5
106.05
89.65
102.2
93.3
110.6
114.15
133.85
114.15
109.35
104.2
114.15
85.6
110.5
100.6
89.0
90.8
102.25
109.15
134.6
105.8
100.25
121.05
117.25
101.7
108.1
104.45
102.6
85.0
124.35
68.1
104.85
100.2
99.1
120.85
91.7
99.05
92.2
98.6
104.05
89.7
96.45
80.2
100.15
96.2
106.45
96.0
96.95
111.1
90.2
103.25
107.9
121.85
112.3
93.95
78.8
94.45
87.85
96.75
84.5
103.4
102.6
118.4
95.35
102.3
108.75
97.8
80.95
86.6
93.15
97.4
113.8
85.1
83.2
88.3
111.9
90.05
97.85
105.45
86.6
96.65
102.35
88.4
104.85
89.85
103.15
123.3
93.25
93.2
86.4
110.0
87.95
120.5
97.0
109.35
99.5
99.95
97.75
92.15
104.2
106.3
106.85
108.15
79.75
85.95
105.55
122.15
77.65
95.2
97.95
108.0
132.55
104.5
101.0
95.65
120.65
75.3
79.45
95.65
122.55
100.25
86.05
87.85
86.55
106.9
108.6
102.9
89.65
105.25
90.7
78.2
84.7
93.15
95.5
105.0
89.55
98.55
129.6
86.0
86.25
100.05
99.3
98.5
109.75
89.2
104.7
99.4
111.7
84.75
102.5
98.05
98.9
104.25
97.9
108.8
76.75
93.3
80.7
93.65
88.45
99.05
88.95
104.9
103.1
89.4
98.8
100.0
106.3
104.05
85.6
92.45
133.65
85.8
87.3
85.9
80.4
106.25
78.9
105.9
78.25
84.8
109.05
97.15
97.85
118.65
110.3
79.45
108.5
95.75
113.55
94.5
95.35
108.0
106.05
103.45
91.85
80.05
97.45
96.1
85.2
117.05
99.0
105.5
104.25
138.9
114.8
88.55
92.6
99.25
103.35
95.4
114.15
108.4
110.35
81.2
90.3
92.15
104.45
105.55
75.65
72.5
87.35
99.35
111.35
97.1
105.25
94.25
112.2
98.7
119.3
89.95
96.0
95.35
93.15
87.25
110.6
99.0
92.05
100.05
82.15
105.55
110.45
124.4
107.4
108.8
90.6
91.45
97.2
100.2
90.7
91.15
79.35
94.9
84.05
106.95
87.45
102.15
78.9
96.1
106.6
99.2
103.35
93.45
100.1
99.65
100.65
92.15
108.65
121.8
92.8
101.9
100.75
93.5
102.85
98.0
97.15
110.85
98.5
92.25
100.3
98.05
91.35
96.45
119.65
96.2
98.7
93.65
104.25
105.0
97.35
90.6
100.45
89.65
98.25
112.15
85.6
81.65
99.8
99.95
91.85
106.6
88.9
111.75
105.25
106.75
82.6
100.45
115.65
87.8
95.9
89.7
91.65
86.7
94.7
113.1
89.35
80.0
106.5
102.25
103.7
71.65
99.2
96.75
114.0
82.95
103.05
103.85
129.8
101.65
108.65
101.8
87.6
94.75
112.85
93.95
95.9
101.05
92.35
93.3
102.05
86.1
103.05
77.95
120.75
91.25
88.4
94.15
103.9
111.75
98.15
97.95
120.7
81.2
81.05
104.55
86.4
97.05
88.25
100.25
106.25
102.8
147.3
83.45
97.55
84.7
97.55
91.4
88.75
92.55
89.75
81.25
98.05
104.6
103.95
90.15
118.05
111.6
108.3
125.45
81.4
105.95
85.35
88.0
100.05
83.55
104.7
86.8
97.1
86.7
107.6
103.2
91.95
94.3
91.6
83.75
87.55
102.05
121.65
85.75
95.45
79.8
89.15
95.95
98.1
97.35
78.0
105.9
78.1
92.75
81.8
104.25
95.5
98.45
91.75
104.7
110.1
95.05
74.55
88.9
79.5
76.05
101.35
115.7
102.2
99.2
113.55
107.85
95.45
87.15
86.95
122.05
94.55
103.55
123.95
105.6
100.9
93.8
101.0
85.3
105.55
94.95
84.75
90.6
90.35
90.35
97.1
90.35
114.05
95.3
101.15
102.7
91.4
101.6
88.5
89.8
101.55
131.6
93.25
88.4
91.6
89.8
128.55
84.55
91.75
102.05
106.7
76.25
103.3
105.85
105.1
107.75
106.6
101.35
91.9
104.1
98.4
91.1
82.95
87.15
104.9
83.95
102.75
116.75
90.85
103.5
81.05
107.75
90.6
103.15
104.6
110.4
104.75
100.3
91.95
96.6
90.65
100.9
108.9
113.85
91.6
99.25
105.65
94.3
106.8
97.0
108.9
108.8
86.7
110.6
80.05
102.05
87.7
112.8
102.3
100.95
94.95
102.75
105.1
107.6
103.05
103.6
103.05
116.55
119.45
98.65
98.85
101.05
110.2
91.95
87.5
97.7
93.25
103.25
118.55
86.25
95.9
116.1
111.65
105.2
108.6
106.75
87.65
103.6
108.3
107.65
117.55
83.2
113.65
100.1
112.25
96.65
95.0
113.0
122.7
97.4
106.95
119.0
119.3
103.0
88.35
90.9
104.4
88.75
96.15
94.5
95.25
91.45
95.15
87.65
120.3
94.4
83.7
111.1
92.2
96.75
102.0
105.1
88.3
93.5
108.75
100.05
105.9
108.65
114.95
93.85
103.2
107.55
90.15
96.9
106.5
96.55
89.4
102.45
99.75
101.4
107.6
95.65
119.35
87.1
83.45
111.3
121.15
80.65
102.3
78.75
90.65
84.25
108.4
113.0
107.3
101.25
108.7
107.5
80.9
101.55
96.0
103.45
114.85
111.0
104.95
99.75
101.5
78.3
114.35
112.85
96.65
98.8
102.45
103.55
94.4
96.85
84.7
128.9
99.65
88.0
97.35
85.9
115.85
100.55
101.5
83.3
106.45
91.5
110.25
99.45
88.2
93.05
133.75
85.85
109.95
106.55
113.7
103.05
90.85
98.85
86.5
98.85
109.35
96.95
99.75
114.7
88.7
112.55
99.05
99.35
99.0
88.9
95.95
102.85
82.2
93.65
99.4
96.55
95.85
101.1
92.8
96.45
77.2
101.65
83.65
100.45
101.15
100.95
93.7
108.35
93.5
93.85
127.0
89.75
91.55
97.65
109.15
104.15
72.7
87.55
101.3
110.2
92.2
112.3
117.75
114.55
114.4
97.95
88.25
80.2
119.1
107.25
90.3
92.5
96.35
99.1
102.5
95.1
97.15
108.55
109.5
101.85
101.45
88.5
101.0
100.1
96.0
86.4
86.7
94.8
87.2
91.45
97.0
100.45
98.65
90.95
116.85
93.35
94.7
90.8
80.2
86.95
100.55
108.65
96.95
100.85
92.05
102.75
93.8
95.65
83.95
105.35
107.3
106.8
96.75
112.9
76.9
92.9
82.35
91.05
94.0
96.3
95.55
101.3
85.65
102.7
105.95
118.9
92.1
106.8
96.75
90.25
92.65
112.4
98.7
98.3
105.4
90.6
97.8
93.9
98.15
86.75
90.7
94.85
104.8
108.7
101.15
93.7
91.25
94.35
104.4
102.85
110.05
102.6
87.6
93.9
102.75
78.8
95.2
111.15
98.25
75.85
86.75
101.75
104.5
98.4
100.85
100.4
96.85
107.85
81.65
90.95
110.4
91.2
92.75
125.55
93.2
85.9
98.75
90.55
82.6
121.95
93.65
107.15
89.8
104.6
94.75
85.5
92.1
92.05
111.35
91.9
94.4
103.15
80.35
107.2
89.95
92.25
82.7
91.2
76.95
77.25
99.55
99.25
107.9
118.35
85.7
94.6
77.15
97.05
114.35
85.75
121.1
104.5
116.05
94.15
89.45
99.55
114.45
97.15
111.65
114.25
104.95
90.9
109.5
102.45
107.55
100.05
113.65
87.35
106.35
94.95
104.35
104.95
95.35
97.65
101.7
95.05
99.1
115.45
97.0
119.55
107.25
75.0
94.4
89.55
94.15
105.6
110.5
81.35
98.25
101.3
92.55
105.3
98.9
116.5
125.4
103.7
110.4
87.35
106.15
104.2
94.3
101.5
105.25
104.55
101.7
108.15
109.9
121.95
87.95
106.55
106.7
92.2
95.4
99.85
96.1
75.8
114.7
96.05
98.55
108.2
95.75
101.85
111.2
107.9
99.75
87.45
88.65
106.6
88.75
105.1
96.5
98.1
97.8
91.35
103.1
83.95
112.75
86.5
93.5
103.6
99.95
89.95
110.55
100.5
107.1
104.1
93.95
103.05
94.35
84.35
96.85
87.2
113.95
93.5
99.2
90.95
88.45
110.2
123.9
108.75
105.3
87.9
119.8
104.15
