195.35,-0.9194307175965104,-0.0989950412919108
185.5,-0.9285568613608438,-0.280299315917896
176.85,-0.9266677664703792,-0.44966050162845417
140.8,-0.9139839766001296,-0.5903030877792919
173.05,-0.9224248409544987,-0.7291645901819656
188.7,-0.9280391090581727,-0.8936127829960349
167.4,-0.8866620640473102,-1.0425271501481226
159.0,-0.9039258106868612,-1.1729689871929012
190.5,-0.9346062785524607,-1.325554290576462
156.1,-0.90571452292207,-1.450309110961309
158.25,-0.9050089423272845,-1.5839666465938722
152.35,-0.8981620514602697,-1.6930523476414425
162.4,-0.9083278214852817,-1.802172101666865
152.3,-0.9133450959879109,-1.9289786554068271
129.3,-0.8797783584902286,-2.0216425536970544
153.7,-0.9187783008924757,-2.127813665315441
127.3,-0.8906433390428813,-2.229116457785332
128.75,-0.8867858193118824,-2.3195699483041263
144.1,-0.8979884920083776,-2.4106098716756277
143.8,-0.8906655278587046,-2.47998603139211
138.35,-0.9039035029515521,-2.574051060234159
133.7,-0.8850188110063231,-2.6461206964892683
173.5,-0.9231205311632735,-2.765419400849471
113.05,-0.8571259360926563,-2.851587613632101
131.1,-0.8940950646068855,-2.9129992841497225
146.4,-0.9088793434358511,-3.0021237198551844
122.95,-0.8814065337291541,-3.071783449491411
131.8,-0.8750850840003693,-3.123908080560091
109.85,-0.8705412138684231,-3.207875593806457
130.5,-0.8883829186504213,-3.27454332809427
139.05,-0.9017328834844681,-3.340420316487952
123.6,-0.8970954283800063,-3.40777836249556
96.75,-0.8690592221018705,-3.4643724423345303
144.6,-0.9055963865002209,-3.5268801036010666
103.6,-0.8611404654059405,-3.5846775171599274
122.55,-0.8727261464256564,-3.64346176121852
121.0,-0.8825873124816844,-3.6932444562277666
112.05,-0.8761777539132238,-3.705171120717747
122.35,-0.8298360409371381,-3.7830391736540045
125.0,-0.8976850311298396,-3.8424478443165677
133.45,-0.9068333331414735,-3.8905144591413516
110.75,-0.8880722678679304,-3.9529638303186183
145.25,-0.9065386638124814,-3.989275546886513
138.65,-0.8992697705103687,-4.048281504527112
131.95,-0.8595408675099689,-4.097302304788743
106.05,-0.840155637267879,-4.154402561636955
136.85,-0.8764965082151136,-4.2216920141507766
102.8,-0.858106719721917,-4.268076574598815
143.75,-0.8959044075341935,-4.300097501235519
111.65,-0.8688625714249636,-4.365510609107028
128.15,-0.8802920651247919,-4.383584034688434
123.95,-0.888081843557814,-4.443522315996815
134.8,-0.9097084561026205,-4.491769066516143
125.8,-0.8991757958704335,-4.5300015308739034
149.2,-0.906752791024678,-4.584547237635599
134.05,-0.8926672484282399,-4.622075756807028
147.2,-0.8976489293402482,-4.6869500050685655
130.25,-0.8846473770996793,-4.713570691333499
105.6,-0.8563242094263421,-4.756070868129165
126.5,-0.8950955469450769,-4.801312479127386
146.9,-0.8884081142767751,-4.857727831724968
117.9,-0.8792707162792357,-4.8847803246344155
97.65,-0.8501865025462962,-4.9115186961131965
131.85,-0.8946541405130908,-4.940262755462021
122.65,-0.8868916968521251,-4.987922622424965
146.3,-0.895114979680747,-5.0245899046873586
106.5,-0.8723330201576776,-5.040160298554771
118.75,-0.8828253428332303,-5.0814192161652665
133.3,-0.8967569640738056,-5.1303017396289
128.85,-0.8957402519486912,-5.1597656010356
88.4,-0.8366031654381454,-5.151865718575033
102.85,-0.8808253918893156,-5.210758535157871
119.25,-0.8717495411086784,-5.228744565824068
98.0,-0.8572468612445843,-5.266182972041862
117.15,-0.8880224407334344,-5.287209183703892
106.85,-0.8659401207441093,-5.286077831451665
106.85,-0.8801725800323892,-5.329292804167973
124.9,-0.88896334727417,-5.346467465311305
92.35,-0.8404871840114907,-5.366146188708958
122.05,-0.8717930096970609,-5.367127906776753
125.55,-0.8954018149577768,-5.413082879199088
100.35,-0.8512757277103372,-5.4186505606342035
131.45,-0.8778948047709904,-5.4518058807616665
133.15,-0.8927162948418808,-5.508901893944434
112.0,-0.8799504325444525,-5.497478041227017
103.6,-0.84689204786833,-5.535821225141697
101.05,-0.8697830709050531,-5.556981824356113
105.15,-0.8723910203523666,-5.554512738820389
135.1,-0.9030713141609985,-5.566733017175589
120.6,-0.8930095496148015,-5.613853401056576
125.1,-0.8953897333223851,-5.617952474808398
111.7,-0.8886978036515524,-5.661333973517467
125.25,-0.890592081452071,-5.6648962380012335
134.25,-0.8853827778877902,-5.711939513350513
116.1,-0.8858498216989996,-5.741184239465605
118.0,-0.8893297114878347,-5.761763429019195
94.4,-0.8492906118665855,-5.76991825232421
114.3,-0.8640730021682168,-5.759399946132872
83.0,-0.8282443147383243,-5.763548058856314
115.15,-0.8909490736402385,-5.808211590374463
105.4,-0.8753493821540722,-5.808880561524698
113.8,-0.8820625711012495,-5.83493574458007
106.3,-0.8769626950659315,-5.827723180124923
102.0,-0.875810545427916,-5.851233513192169
107.5,-0.859518848624375,-5.8606320196157515
84.55,-0.8373071061070789,-5.871242350525722
87.95,-0.8216254476050437,-5.884394177113497
115.4,-0.8382800042041338,-5.895059389470273
109.6,-0.8918198744644137,-5.913616911692497
109.85,-0.8752599456856816,-5.919589117897389
131.7,-0.8967641984857206,-5.918595913856329
120.95,-0.8714748447428915,-5.962355046878359
114.65,-0.877448904946783,-5.955060527085103
106.05,-0.8749978767417768,-5.9721095494028535
112.2,-0.8870240645306288,-5.987061048838056
108.75,-0.8609440824352015,-5.985587218932312
110.25,-0.8572932591907021,-6.012923674792255
118.3,-0.8810042966458888,-6.038723610040151
128.1,-0.8893963241173746,-6.051119653025678
111.0,-0.8551142204760609,-6.061609196234103
96.25,-0.8504558536510238,-6.056082268172616
106.55,-0.8786785566732697,-6.072071034691371
139.7,-0.9020380641624237,-6.102762970123697
94.9,-0.8576241473320799,-6.111676727189811
97.25,-0.8635817530938807,-6.100211886162794
99.0,-0.8461778996825325,-6.1309983792952
105.9,-0.8654241058059606,-6.14867092617415
116.7,-0.8826506023571467,-6.153727431890472
112.1,-0.863612138216847,-6.159221165928502
95.7,-0.8514761389668202,-6.182610489031521
98.9,-0.8534911945700097,-6.172675939345652
96.6,-0.8679941656665224,-6.166242744351093
94.55,-0.8665156721370675,-6.159389851923202
109.35,-0.877917623536834,-6.16734170245394
101.1,-0.8690400117605275,-6.179935495851345
99.35,-0.8613443021485848,-6.2005261902267135
107.3,-0.856981436122647,-6.208524526714857
91.0,-0.8477608874071046,-6.192091074769099
111.9,-0.8592487865864042,-6.181648191272825
89.75,-0.8429759885990384,-6.201199406204717
109.6,-0.8769539020493738,-6.195997772981572
77.95,-0.8397731943360072,-6.216948354170847
128.5,-0.8906830672843935,-6.201729541379413
107.5,-0.8654236593233593,-6.250953237475417
102.45,-0.8719263577908709,-6.252127089825392
108.85,-0.8489165325043899,-6.225348379327842
107.3,-0.878748937853765,-6.266406806541644
101.05,-0.8546331770794001,-6.249921329488458
110.65,-0.8744853255799068,-6.281456247677935
87.7,-0.7783153342893978,-6.280535904583611
137.95,-0.8926274740408402,-6.290085008278338
103.4,-0.8832654756616612,-6.291324829780471
98.2,-0.8206097354037013,-6.292702840376448
104.05,-0.870568145975364,-6.295915086991541
104.15,-0.8619980645277634,-6.321167800589315
97.75,-0.8572022116541194,-6.335810621186953
95.9,-0.8504159046997806,-6.305735625718523
97.65,-0.8486474660169729,-6.317786154201237
103.6,-0.854751362626047,-6.302792567051771
98.4,-0.8691809958733143,-6.337070858044155
104.15,-0.876849096686058,-6.345410802123404
108.8,-0.8665162072699106,-6.319586334654476
94.5,-0.8366261766434991,-6.325815035847323
85.9,-0.8169665608815808,-6.302345754204956
89.1,-0.8532355869478818,-6.354643017778832
91.1,-0.863398023109205,-6.309873549378944
104.15,-0.8456776660588435,-6.324957150311178
103.25,-0.8410197805402989,-6.341925893277629
78.35,-0.810719449078346,-6.328352517548809
83.1,-0.8456524726507759,-6.279778093342358
108.5,-0.8750859552661596,-6.329572964061021
99.25,-0.8584735269027627,-6.328151356299124
93.35,-0.8301035000127055,-6.328987078432069
115.1,-0.870953808046889,-6.354795972050348
97.4,-0.8630208481913046,-6.36667417647438
84.25,-0.8524835941221707,-6.331561229032738
99.8,-0.8354179385137824,-6.320838807062037
88.75,-0.8383342771230213,-6.342875195652293
106.6,-0.8838598965132161,-6.368079493784023
90.45,-0.850278896171558,-6.354292659506224
118.8,-0.8874678790172466,-6.364434788955782
110.25,-0.8726947607393297,-6.361609780355421
92.5,-0.8601448941922818,-6.399624896770701
84.5,-0.835924638154119,-6.351188366306542
105.7,-0.849595970578665,-6.352291823909439
112.3,-0.8888335996585592,-6.37356456583436
103.85,-0.859138137391248,-6.375298141503517
85.1,-0.8124109866489311,-6.3814023463507334
115.95,-0.8653952201949521,-6.372240722889515
104.2,-0.8600003660851095,-6.406186161113014
126.4,-0.8878269801815188,-6.395769955594988
102.65,-0.8479020457326462,-6.407462742389233
93.85,-0.8575956406668974,-6.424228588033683
108.4,-0.8732262164163542,-6.384547291951484
110.05,-0.8720106539623209,-6.430723389591887
112.9,-0.8791668230315854,-6.422650626934903
99.4,-0.8661706338133955,-6.422416758333787
99.1,-0.8554496748762851,-6.420043535484901
98.8,-0.8443555058404026,-6.436889059291569
100.1,-0.840913150692395,-6.431806014521454
111.5,-0.8691963773509108,-6.3934131692377285
86.3,-0.8515683965138731,-6.452873804893736
117.4,-0.8692883098021793,-6.462964250828759
100.55,-0.8491302893496302,-6.452921701089336
90.25,-0.8390171626944365,-6.4515497463671565
90.55,-0.824381722320099,-6.434878665011579
98.0,-0.8552211088209203,-6.424849491420545
101.35,-0.8714190435879103,-6.426575385328057
98.55,-0.8247221054264526,-6.447821154557242
92.15,-0.8415896343135154,-6.428829061303189
127.0,-0.8830935417292262,-6.455593743515081
85.2,-0.8458402254994336,-6.445395206608389
105.8,-0.8527365682603621,-6.456641398027875
90.5,-0.8258281829800757,-6.4390143963815305
84.6,-0.8260459718642712,-6.452892333948993
95.75,-0.846362294806525,-6.4616196609238346
105.3,-0.8518427298472737,-6.449341346407488
76.35,-0.8197647183783939,-6.425059471717601
113.5,-0.8757843504250953,-6.4454095021725095
95.6,-0.873150774526661,-6.436772196271143
86.0,-0.8292786026183299,-6.452874234661024
99.9,-0.8497221484999109,-6.443071364144631
95.35,-0.8634968899070723,-6.440798696367911
90.1,-0.8600236942003823,-6.441435094258397
114.25,-0.8593101672057761,-6.451689914892745
92.65,-0.8506055494221256,-6.450276704193811
98.15,-0.8495442210777169,-6.432699717795666
92.65,-0.8198083205190555,-6.461033831745655
88.0,-0.8278197207508612,-6.4651874931101405
101.25,-0.8536754157703106,-6.452723861181594
89.6,-0.8363769073622086,-6.43133750138974
98.2,-0.8416307588080842,-6.472439498532426
101.0,-0.858423435652545,-6.458633958386175
92.05,-0.8342334508865579,-6.4437355823447575
112.05,-0.873239302301674,-6.450422521070543
96.05,-0.8482811048715723,-6.430464130815025
81.85,-0.831349835153072,-6.451698762501908
83.7,-0.8317507084890405,-6.454720739783731
98.2,-0.8754234980719791,-6.447057545635883
87.45,-0.8501961563484567,-6.4160619384968145
88.65,-0.8375695762807018,-6.444962152397494
90.05,-0.8514328174537843,-6.435718582181342
104.6,-0.870458774044797,-6.423577758571229
94.35,-0.8604348493077396,-6.434648254474683
108.35,-0.8829622222418895,-6.445925246404275
86.75,-0.8489475571405054,-6.4554500892201006
101.75,-0.8730197054509328,-6.462979458485106
71.85,-0.7913724062474728,-6.4040842660267945
104.3,-0.8769853890450534,-6.448690538128744
87.2,-0.8503692100679452,-6.395800288414745
105.95,-0.8631964977273613,-6.432226886802276
91.35,-0.8401644474537914,-6.432938709702611
80.45,-0.8299315197437471,-6.431150326304402
99.2,-0.8572377599740149,-6.428398818808171
80.35,-0.8087680434991865,-6.398096418860459
98.45,-0.8346326000489647,-6.43105743674563
105.2,-0.8517159931395867,-6.429172470514
97.05,-0.8500103392472724,-6.460492688713354
107.9,-0.8802933839356719,-6.425240979818495
119.0,-0.8908307138265809,-6.43696771157961
101.1,-0.875210156396335,-6.488461535938262
82.35,-0.8467216570980864,-6.4157267505511895
83.8,-0.8410789350258101,-6.437698460690479
93.75,-0.8639218444161036,-6.457693624767006
87.75,-0.8422250095292851,-6.4218174890597055
92.3,-0.8420219529111801,-6.415081893777797
90.85,-0.8479300378182628,-6.455966647039688
115.15,-0.8823460985162086,-6.434136913069193
67.55,-0.7882052719014736,-6.383265253947954
107.75,-0.878944146668821,-6.439427803348994
116.55,-0.8862193676548428,-6.4542982652078225
113.75,-0.8719607711979342,-6.453353622549163
106.55,-0.876774262972438,-6.468590523887552
83.8,-0.841068294986847,-6.46640480609626
102.05,-0.8607645302391287,-6.455430623440161
97.25,-0.8626753376739877,-6.4772393179391825
104.05,-0.853749932084995,-6.4777044242404855
106.1,-0.8653243244219515,-6.454992395504786
92.7,-0.8518236168956663,-6.460364981390747
106.65,-0.876601799302588,-6.464784357821213
111.55,-0.8720009213183093,-6.461627553544718
89.45,-0.8346744284973042,-6.429548581490574
87.0,-0.8461658306559257,-6.4777034038834005
113.45,-0.8746301767133542,-6.459666717575222
104.55,-0.8851227629146164,-6.460495848794724
92.95,-0.8457191020823194,-6.465890093208671
104.2,-0.8678888246161408,-6.460952467140392
81.95,-0.8326150562944425,-6.461113627069818
86.55,-0.8393172881378976,-6.437779612722534
91.25,-0.8344852604032406,-6.467904668710307
95.05,-0.8328354647462209,-6.4652773968949955
108.65,-0.858014501087295,-6.408032486547194
113.85,-0.8953454339370979,-6.452955829898954
92.9,-0.8610688933242427,-6.4771517209268
98.45,-0.8526351765080629,-6.464877820250774
99.75,-0.8801338570019105,-6.459713541737298
108.15,-0.850549266292701,-6.493238086856607
101.65,-0.8349348450722631,-6.469775798191618
83.55,-0.8275834207751196,-6.4514053092373675
85.65,-0.8420503224465616,-6.456738587549087
75.2,-0.8062429421857192,-6.458781455860363
97.15,-0.8572632615245853,-6.466074301085145
99.5,-0.8417725644040248,-6.480400465367481
91.1,-0.8526448147266805,-6.45275749102357
106.4,-0.8521241786311581,-6.465479083329219
89.05,-0.8577931350832635,-6.455025678270664
93.95,-0.8570361536487713,-6.467521534552054
106.2,-0.8671569416556556,-6.468993190727835
102.15,-0.8713671825381516,-6.440653633668498
94.9,-0.8344395361274353,-6.44951342520862
93.2,-0.859793511855058,-6.4780180805803225
100.45,-0.8328574423276605,-6.436278916522573
116.3,-0.8761172821453977,-6.4824155095956755
103.65,-0.8685064113575075,-6.52325881901491
106.4,-0.8828249287428565,-6.48551000805972
105.0,-0.8560111358082645,-6.494533386962411
102.05,-0.8670783936369795,-6.494269957362948
96.05,-0.8350455567448488,-6.463742119993647
110.15,-0.870979336443644,-6.471385753085002
108.8,-0.858362400415926,-6.49783712067614
100.8,-0.8674254065538488,-6.464360233349728
89.8,-0.8480581847455595,-6.4943642325776825
100.45,-0.8390749997249163,-6.474919483085976
93.95,-0.8498594050569906,-6.512480264059877
104.1,-0.8672191666213841,-6.496544502856748
108.35,-0.8703895446354883,-6.500004000340421
102.35,-0.8744946606132074,-6.500351808757595
119.9,-0.8931797863195572,-6.504376655258032
116.6,-0.8840671212799925,-6.501582959345531
94.2,-0.8585478799563828,-6.492535991038506
91.85,-0.8614947669418731,-6.51398289654544
107.35,-0.8675809387573515,-6.5258076351745045
95.05,-0.8439366661176766,-6.5120193928394725
98.25,-0.858895337879668,-6.514701792168727
94.0,-0.8530039628649456,-6.51828076858825
92.1,-0.8287049527377242,-6.530955644298113
96.05,-0.8579095520391995,-6.486376143529105
88.15,-0.8547620739716715,-6.509426750366633
102.35,-0.8401546135972957,-6.476848625551545
81.45,-0.8163512853151775,-6.518953250464548
104.0,-0.859439299786693,-6.50289451747471
98.45,-0.8559518910231896,-6.485931027030776
98.65,-0.8249140066573319,-6.475519973281881
112.05,-0.8750025183924466,-6.512036199828877
83.05,-0.8338057360119725,-6.49149629988184
95.55,-0.8700270314550561,-6.48785618681822
95.9,-0.8496482971362637,-6.48462128555893
111.95,-0.8660064288019784,-6.489602726088054
87.15,-0.8321917732794709,-6.487865835508846
102.65,-0.8809704396629743,-6.4987052414648385
100.05,-0.8668126205528566,-6.501939426925505
103.15,-0.8637958601849369,-6.523538614458175
111.5,-0.8571582361140478,-6.520272173182178
104.7,-0.8116240421799219,-6.502884086599863
98.25,-0.8630356026273096,-6.5160022933991515
90.35,-0.857675170287546,-6.507781035298945
98.95,-0.8384625083957093,-6.500751737260755
96.0,-0.8515465117973035,-6.527801979059616
108.5,-0.8774396503274107,-6.516589759696794
99.2,-0.8472874418648948,-6.5237710333089725
95.65,-0.8537391367868084,-6.493170287291133
96.4,-0.8368994538737399,-6.5073737934573455
109.95,-0.8628897546263744,-6.529946885760117
112.8,-0.8833848501633659,-6.516922707472064
110.35,-0.8575354200242042,-6.52810027025042
105.65,-0.8669037763172801,-6.521319161236794
101.3,-0.8709043502021153,-6.509156404455379
92.0,-0.8309168946218655,-6.525067342994068
120.05,-0.8594072681818211,-6.520315940405202
112.8,-0.8625238751499185,-6.518821199117452
113.85,-0.8728133676828322,-6.530437141111449
110.45,-0.8746328206109135,-6.5392371799721705
105.6,-0.8462226838019864,-6.5215384395727725
78.9,-0.8290625488067885,-6.565717514237406
90.45,-0.8392624535575282,-6.5262749673337765
92.0,-0.8618311272405332,-6.516785540752572
89.25,-0.8401567309652245,-6.509829220269678
125.7,-0.8862927352215102,-6.533329218781328
85.85,-0.8457008962829112,-6.534663713813094
98.5,-0.852868873292038,-6.521558047697804
75.55,-0.8265783563292615,-6.532193759998195
102.6,-0.8527311694435198,-6.521983205809792
120.75,-0.8485187453094681,-6.516536158236933
108.2,-0.8641475698632034,-6.515612152134979
111.75,-0.8724637459170763,-6.537080542332694
90.65,-0.8252658702231633,-6.518097433925853
108.2,-0.8661478642966192,-6.551460779802197
105.95,-0.8705350963809257,-6.531995575396058
112.85,-0.8557140725427497,-6.5443091529156066
98.65,-0.8447392184176244,-6.543613621701186
92.45,-0.8534846746801439,-6.526905548195687
96.05,-0.8478886329072951,-6.513192180333422
91.3,-0.8512134084009378,-6.553895311002812
87.3,-0.8299779078673077,-6.512948793662285
90.2,-0.848987405719791,-6.548642207665088
101.05,-0.8580305589699438,-6.5284801437768945
108.0,-0.8696997858399683,-6.541564615423823
95.4,-0.8613699129219634,-6.517628032577484
91.05,-0.8370710053288677,-6.5241629521614355
104.0,-0.8728489458956841,-6.551086678072101
118.1,-0.8720408392369748,-6.556915955325577
90.3,-0.8332363233673139,-6.5416903403685165
108.9,-0.8637521407380164,-6.536137503999143
83.7,-0.832716573271403,-6.544233652050108
92.15,-0.8210659012557224,-6.5166485954033035
100.2,-0.85514639290604,-6.512440371258324
85.8,-0.8212536480529998,-6.512371368609939
101.4,-0.8269446006622669,-6.525969947961538
105.4,-0.861483136778527,-6.535163639546073
97.05,-0.8614160307020711,-6.516206225955126
90.2,-0.8413798115354538,-6.518245677662138
99.8,-0.8585061921178049,-6.52367466422984
79.1,-0.8273817662111181,-6.502307891204191
110.1,-0.8837340477445293,-6.519259869495062
80.95,-0.823517831970643,-6.517625567461505
83.6,-0.8271277094584437,-6.50324847428972
90.3,-0.7801898594496061,-6.504408966603849
97.85,-0.8550555534777555,-6.519807100014051
108.35,-0.8190999571414654,-6.5070681113905255
107.3,-0.8710635357294375,-6.5291509891197945
86.35,-0.8465569468715384,-6.501046972886681
87.1,-0.8377019474136491,-6.4954682996307325
107.5,-0.8466332300812203,-6.510879673914944
86.35,-0.8164223884095317,-6.481022325595679
117.95,-0.8836571103067794,-6.5376506898117785
88.95,-0.8448735533687044,-6.4874541259550735
103.7,-0.8640814002501305,-6.511013331312789
97.7,-0.8716801879836897,-6.458865824621396
83.15,-0.827191464146666,-6.504408070782583
97.4,-0.8494041254470212,-6.490393220169369
94.0,-0.8495307565538518,-6.500149995802022
88.75,-0.8182654921326664,-6.495243965963001
86.5,-0.8455397618111279,-6.519755811805813
117.7,-0.8677738271820431,-6.504594579783086
101.55,-0.8515126609506476,-6.483140578980205
118.05,-0.8790115406274601,-6.49899952868729
119.65,-0.8809440861282065,-6.516262110656227
97.65,-0.8744976052276702,-6.552278655367131
107.3,-0.8727238436615552,-6.51789794099025
88.65,-0.8373866537852276,-6.525269127497728
113.45,-0.8756166160567821,-6.514017454562948
95.65,-0.8656936050476582,-6.507142578632245
100.2,-0.8267667142271209,-6.4934164889620165
117.85,-0.8754610573783624,-6.533601472395347
84.1,-0.8360469811197037,-6.5612330249189865
89.75,-0.8531329714512903,-6.534445224700268
122.15,-0.8873625315700314,-6.53051687970949
77.95,-0.8303381572128574,-6.531747199829232
83.4,-0.8056199533387816,-6.502021722672003
97.2,-0.8555574066254925,-6.519002201158578
94.25,-0.8239680749079394,-6.500119933438609
93.45,-0.8477478525179298,-6.509242965826752
116.4,-0.8717734328136506,-6.547417927385037
99.85,-0.8569326977758213,-6.519085121419866
103.85,-0.8705298745075639,-6.553055467498142
97.2,-0.850840202682839,-6.508428413987893
81.55,-0.8303126784284197,-6.499998528985586
91.85,-0.8358271969763745,-6.509105096245024
124.1,-0.888856897990542,-6.519290197745905
87.8,-0.8323759675126421,-6.545547076007812
95.45,-0.8437541092205324,-6.5281262550376935
90.25,-0.8466493314890075,-6.4982678307702475
96.65,-0.8642270263828508,-6.497123312252718
97.4,-0.8534724026535075,-6.498061165150173
90.0,-0.8289402794855926,-6.517979623734296
108.85,-0.8381743387773776,-6.51467403607698
104.05,-0.842903968216872,-6.484445074844793
99.55,-0.8448528160220146,-6.545771330128605
86.05,-0.8435381208986353,-6.504969388722453
96.2,-0.8412801453714349,-6.5208424550917385
75.3,-0.8127368793071115,-6.491377527116994
90.0,-0.8272010644531822,-6.499410997413636
102.05,-0.8632171247147158,-6.463089538445885
88.8,-0.8505315083419838,-6.505792718105184
96.8,-0.8475827915448539,-6.474326049970893
111.7,-0.8612268434047957,-6.509013849186506
120.6,-0.8896178953650702,-6.5000837282923385
74.25,-0.791485947506654,-6.49473548717972
89.85,-0.8436711889851802,-6.50467475157261
131.85,-0.891000633283879,-6.520682709617472
91.1,-0.845773211380098,-6.505552678651606
101.55,-0.8402213352625718,-6.486984591723255
88.15,-0.8437201152146596,-6.492996395044033
99.6,-0.8400686615382102,-6.507823923616371
82.95,-0.8066092389996079,-6.475464607290715
100.1,-0.8527228658460885,-6.491438488133544
76.9,-0.8080066787528087,-6.487467992485191
89.6,-0.8482928638785319,-6.452212221698223
101.35,-0.8726297041023365,-6.48353922464994
116.8,-0.8841736490210282,-6.497897175153655
98.35,-0.8759829733764555,-6.526772362623101
78.2,-0.8273774958363621,-6.497717915795453
77.8,-0.8373581527475389,-6.484060048890515
86.2,-0.8218133033669295,-6.497356406783742
103.8,-0.8766506876542731,-6.487022910862263
92.0,-0.8695407547331684,-6.484902971748274
107.65,-0.8616041639250417,-6.502438604803667
109.4,-0.8757810632788091,-6.493143736920885
104.75,-0.84574604234886,-6.506404515911771
104.55,-0.8546881316840678,-6.4810446531459736
96.85,-0.8413203845252918,-6.495438387540688
89.15,-0.8481621497350245,-6.500299586827356
88.85,-0.8417650796646565,-6.506817665570476
113.3,-0.818653187033655,-6.491555615334543
98.4,-0.8657360092168025,-6.476603145934819
92.4,-0.8619515088877012,-6.52442427725685
99.0,-0.8754924259513548,-6.487973686502714
92.2,-0.8387096413665276,-6.4759625437141946
82.2,-0.798109658539832,-6.48137228706224
95.8,-0.8577931619691247,-6.498252472486961
105.4,-0.8766834258194052,-6.468633761233994
107.2,-0.8793838513976361,-6.512535677399538
101.9,-0.862100310319358,-6.4971499889432565
99.35,-0.8189352744540175,-6.53305962188566
97.3,-0.8541366840871962,-6.501324028278629
85.15,-0.8485663244644156,-6.493216279430653
76.65,-0.8141088980974043,-6.47784802655511
99.1,-0.8434043457182809,-6.483456277970568
104.45,-0.8691013695920875,-6.497348141523682
76.55,-0.822569782570489,-6.464422752964263
98.45,-0.8403161499389334,-6.504667875172602
116.65,-0.888207714638811,-6.489385487324112
91.4,-0.825057799832489,-6.482544911039116
101.7,-0.8603791533288219,-6.464686395092937
100.3,-0.8256235945478375,-6.4690000492625686
125.8,-0.8951902152930808,-6.498425282893758
112.7,-0.8849498629396472,-6.501119063558088
117.55,-0.8778396211330239,-6.520894202134639
103.45,-0.8697267843195821,-6.513684119403491
86.15,-0.8344157960132466,-6.526647501125178
87.8,-0.8463547687371547,-6.497880895026562
94.35,-0.8487979857246783,-6.5171165556762105
109.3,-0.8631348068720838,-6.499793076036101
86.65,-0.8423962470307037,-6.4825724664431466
105.6,-0.8672335951532018,-6.5114180839997315
85.75,-0.8235503747214995,-6.4884764706980365
102.2,-0.8761277277195914,-6.498396807623348
110.5,-0.8850012630239785,-6.510717006232713
103.8,-0.8520968006388892,-6.510516614983028
81.6,-0.8044915633877038,-6.515802765617634
91.9,-0.8501590582914835,-6.49140066460741
106.95,-0.8493959222159747,-6.507881146454023
98.5,-0.8665944404872317,-6.507217689316792
98.1,-0.8367688043442616,-6.481496576763504
96.5,-0.8708133286997033,-6.5016259172231585
100.2,-0.8557466963579795,-6.530112797864011
94.95,-0.8593956074518634,-6.50633324204895
91.55,-0.80428902775375,-6.487332081768031
101.95,-0.8560043645031069,-6.497349965505111
108.25,-0.8728182151316449,-6.488363741998038
97.95,-0.8538020522009946,-6.487404264030745
82.35,-0.8508125533191363,-6.491034204771287
104.7,-0.8568844602122352,-6.521834447046414
110.9,-0.8589813160199518,-6.504918869255468
113.65,-0.879653247501335,-6.514320119761611
118.4,-0.8811270506799802,-6.531522032998086
95.35,-0.8454628490296129,-6.498928766134659
108.05,-0.8725477851672571,-6.513171491773012
89.8,-0.8446528782301872,-6.5189930130315235
107.15,-0.8671571189613406,-6.50267062915743
101.4,-0.8659925993741391,-6.506673586281124
89.5,-0.8058497180309349,-6.479745612409043
95.15,-0.7983275158059474,-6.503720479306632
93.4,-0.8400838311046173,-6.50408175246875
95.3,-0.8515936228447349,-6.522311207324829
80.95,-0.8354681207849021,-6.510829308617353
90.15,-0.8296019021871354,-6.504263935858032
111.8,-0.8790215088415433,-6.506386069007296
107.7,-0.8823090415421889,-6.512959012811942
94.45,-0.8140578974612452,-6.50418018394807
112.05,-0.8771845358052452,-6.537664614480716
97.45,-0.8529919472929149,-6.500878008762794
105.0,-0.8705449144989034,-6.556321566922921
103.1,-0.8645558615683605,-6.524878450675017
94.1,-0.8242960751839169,-6.532956425110752
118.5,-0.8784892763377812,-6.535031499757667
81.8,-0.8323833430083377,-6.479499828174694
78.3,-0.8173586418339749,-6.522887047642669
100.65,-0.859208394654652,-6.496902999901218
103.0,-0.8678975310478849,-6.515591242585248
77.4,-0.8231893978536833,-6.499401281124442
99.2,-0.8654790807734603,-6.507286526390058
104.3,-0.8533744393016771,-6.526056363035265
94.35,-0.862584238463725,-6.530268015379418
101.05,-0.8636154513611682,-6.511516233010722
100.65,-0.8731698173578328,-6.496137570202359
107.5,-0.8805056323217363,-6.482276673108463
111.9,-0.8719083331651649,-6.546609807701183
98.05,-0.8668604191843452,-6.538688008597293
97.05,-0.8458349754217176,-6.534672627262255
93.2,-0.8282760491832338,-6.530199133672764
87.25,-0.8456282944811578,-6.517318465850574
118.4,-0.8744969557007476,-6.498961271544265
116.0,-0.8829569900077556,-6.512891968270085
109.2,-0.8349923679830619,-6.525605541808818
93.85,-0.8358680083482065,-6.538349573786657
99.2,-0.8606266506086317,-6.523533190385206
109.9,-0.8600973612360464,-6.525564383480095
94.4,-0.8343060520603356,-6.550098898915003
113.9,-0.8867649969423608,-6.547402402935843
96.3,-0.8603526761857221,-6.532382764422268
115.55,-0.8856619154135933,-6.537228757641188
98.55,-0.8542352804285551,-6.527062079395617
116.7,-0.8774061392218033,-6.544758124156401
92.55,-0.8413802150312465,-6.563169621678054
88.95,-0.857645159469017,-6.51055095560738
115.3,-0.8654550760481948,-6.528580797275569
107.5,-0.8448883642829303,-6.53847520397189
101.0,-0.8697850863583924,-6.559837984162985
94.1,-0.8159398686067684,-6.554040870537426
101.45,-0.8643234779323917,-6.534817945097099
107.7,-0.8841628098625576,-6.530837460297517
91.45,-0.8316409595600709,-6.548111684475828
99.8,-0.864062243505171,-6.550819558644737
125.05,-0.8889949722635662,-6.535247589581071
83.9,-0.8450080257652818,-6.551775478578952
104.65,-0.8685416628426262,-6.557656768474262
100.15,-0.8698392198638996,-6.530127681229706
81.4,-0.8360060688158157,-6.562513859818404
99.45,-0.8454107891317658,-6.548531072812471
85.7,-0.8306129763498031,-6.54486226239286
86.1,-0.8480106901537979,-6.546760361334959
111.4,-0.8649209740272801,-6.549153331469472
93.0,-0.8538855099303616,-6.556535635947211
103.05,-0.8592954836898308,-6.557062912579211
89.05,-0.8367053041338866,-6.539340647366449
97.85,-0.8523489780531222,-6.534599108093684
88.2,-0.8376646299752929,-6.5279892590946975
114.4,-0.8574658424368218,-6.545501642052476
98.05,-0.8195306034944497,-6.528807200046979
96.35,-0.8495517206483992,-6.519760827249525
93.65,-0.8238756035256808,-6.509488311118281
92.4,-0.8607004619573706,-6.538785142981953
87.3,-0.8283513911011882,-6.51106869865657
78.65,-0.8292571664831454,-6.510033954472362
101.15,-0.863022228836145,-6.554452227367394
98.65,-0.8522153679256572,-6.5210310299629155
121.75,-0.8670874144448186,-6.525416727485629
117.35,-0.8209248658420941,-6.534611282743022
102.75,-0.8326461131591161,-6.5306384008992655
112.4,-0.8771532307189946,-6.519539319566569
90.6,-0.8653180242253313,-6.5328212411429565
98.35,-0.8596073015435401,-6.519049820586093
122.05,-0.8810665893383994,-6.532632934211996
93.2,-0.8515869127924758,-6.5211488023543
93.4,-0.8549023642385329,-6.5389715845853855
87.0,-0.8266071695867145,-6.540604961327117
91.75,-0.8541283643898525,-6.530827321966984
97.9,-0.8653088845130534,-6.539951644440687
118.3,-0.8424667381414276,-6.520494614574986
96.85,-0.839447440964394,-6.533554741055752
108.65,-0.8752843905430661,-6.528207261002009
101.1,-0.8735734232993337,-6.5211140240845324
106.55,-0.8182607494029384,-6.51112261422926
95.9,-0.8634474073421099,-6.547826047028799
121.8,-0.8965359363940681,-6.540717717081712
92.65,-0.8425768774393007,-6.525173949775559
96.75,-0.8715322214579017,-6.5360719406147085
87.75,-0.8139242207861939,-6.551471007584451
101.2,-0.8693136549110209,-6.52878802452121
96.55,-0.8694840066166767,-6.565863317177135
89.65,-0.8397264342296105,-6.5461349571349245
108.55,-0.8530043724856139,-6.558237270104196
79.05,-0.8170495753643717,-6.516181770607119
108.1,-0.8655056152313418,-6.538103791950992
107.3,-0.8744891927863978,-6.52598804699957
116.85,-0.878892978796612,-6.547139573178839
101.15,-0.8519611617901786,-6.549339094168728
113.35,-0.8624495608725044,-6.539204211387137
102.65,-0.8406603533100778,-6.552644847272394
101.2,-0.8552419597168054,-6.573460662281148
86.0,-0.8314923410474802,-6.552755904603117
96.35,-0.8488596332168393,-6.543454093267923
66.9,-0.7828617504993287,-6.522433086569779
113.9,-0.8851587100630687,-6.531314787632461
100.15,-0.8353693019028177,-6.53310725774251
110.55,-0.8814083711132206,-6.5474615730788654
95.6,-0.8277616716094723,-6.560995134997375
111.9,-0.8860304653983222,-6.547293734797947
94.7,-0.857802989294074,-6.529528125539559
109.05,-0.8684430065505533,-6.560491517711894
109.9,-0.8626446607984569,-6.562547877828413
113.15,-0.8745626444514129,-6.559606011957243
92.15,-0.8468059842313755,-6.552523595617815
98.2,-0.8716962452444786,-6.560383144349754
98.3,-0.864145639713098,-6.554904816934238
83.7,-0.8298158428610604,-6.536792539585011
106.7,-0.8754227275033581,-6.5584842094146385
108.6,-0.865498547882417,-6.555058387692857
102.85,-0.8697419646652774,-6.531471706369447
88.15,-0.8548113248317571,-6.540798326341971
112.35,-0.8808447064091668,-6.5626675312856335
101.2,-0.8558847812447603,-6.558416653401468
89.85,-0.8508520656672562,-6.538997040630011
99.4,-0.8652666176270662,-6.549465333689203
101.05,-0.8596837332275408,-6.543898415319338
83.5,-0.8362597509907645,-6.5448155107059005
99.45,-0.8491858928722456,-6.556617374357333
102.9,-0.8641728630080572,-6.530142019995867
121.9,-0.8805864392697604,-6.541534452196826
125.4,-0.8777630701380481,-6.568276170086307
114.9,-0.8506948880148364,-6.559973447098294
106.95,-0.8743600049498339,-6.580674089663146
97.05,-0.8574088573708158,-6.553207873592386
113.35,-0.8802743840610313,-6.57261913336337
92.6,-0.837298461797857,-6.586775549474359
91.7,-0.8464524601001857,-6.606192456782973
85.15,-0.824095289748135,-6.576112513734087
100.0,-0.8580601101023149,-6.571466813442683
102.8,-0.8598376652737783,-6.577087177952281
97.65,-0.8562715935895296,-6.592855067417226
96.1,-0.8658041375778194,-6.561575251051208
120.95,-0.8761809941355392,-6.557237483664565
109.2,-0.8713400370181066,-6.5715622533971665
109.9,-0.8263110407536344,-6.579303238649805
110.8,-0.881481279426499,-6.588416872692198
91.75,-0.7963743290439289,-6.575980772911487
97.85,-0.8642766824052865,-6.566287052507688
104.0,-0.8744892286112759,-6.530539754053005
120.65,-0.8885068966806408,-6.572531331925231
86.7,-0.8445751779297084,-6.559739407660665
108.65,-0.8674532543344036,-6.591725428089077
113.85,-0.8793253383511657,-6.586311007395146
88.95,-0.8262069551408191,-6.577961857296728
99.9,-0.853084973315176,-6.5819587535064255
108.95,-0.8783899826600174,-6.581752459061063
86.95,-0.8421533476459651,-6.561373608476859
91.9,-0.8534108881099295,-6.5398995323802
99.85,-0.8483356919901526,-6.56505903893336
114.0,-0.8590946123521686,-6.576418540748065
107.55,-0.8749124388507248,-6.579709558662725
94.0,-0.8595327978231515,-6.577669510222909
111.8,-0.8905172468271164,-6.584857314874166
95.15,-0.8485232215018861,-6.573526999169674
79.45,-0.8382411311053295,-6.568293444024336
93.2,-0.8419058243836555,-6.534243584047516
98.65,-0.8456940263095974,-6.568131119090235
93.0,-0.8518891136717193,-6.5726632659681
83.7,-0.8336699309108333,-6.554444697196187
110.75,-0.8746376416959867,-6.5574010954743525
117.4,-0.895467077163015,-6.569798015883457
104.9,-0.8353217912481403,-6.566353389184185
92.0,-0.8491565613661625,-6.559806303420626
93.65,-0.8584704155022707,-6.568118640637813
91.05,-0.8554022990848551,-6.540705075062317
114.4,-0.8857410123938388,-6.550863791077722
98.55,-0.8721650736999491,-6.5809282396178785
127.5,-0.8981607401694163,-6.57578993232609
90.1,-0.8455006633300011,-6.568873426878957
88.7,-0.8353256530540554,-6.576024746814904
91.85,-0.8449373820577858,-6.568708351869651
94.65,-0.863608813984186,-6.57063351892882
111.8,-0.8672141733109342,-6.543007856973797
100.4,-0.8587677451551375,-6.543914108066059
111.3,-0.8809651040153342,-6.581187178735594
94.85,-0.8301106857509778,-6.563868963318432
98.95,-0.8490427436824929,-6.545433728370513
101.75,-0.8742824809633236,-6.550557732789072
94.05,-0.8533728115816549,-6.569140614583576
95.95,-0.8364152247383331,-6.532158354848031
94.25,-0.8617973750324568,-6.585714127992231
84.8,-0.8373590366330458,-6.546166050198387
111.3,-0.8667606714893561,-6.536949882537878
91.1,-0.8512396546923519,-6.58094859510579
106.5,-0.8861262633196265,-6.575870123835031
110.15,-0.8389472632808903,-6.535637195362201
90.7,-0.8595599564289966,-6.560715220910259
91.75,-0.8498991552868282,-6.57317836253375
98.2,-0.8657666953951872,-6.546703565910183
100.75,-0.8409697106681367,-6.579334267173387
85.4,-0.8409869061053801,-6.580216232591337
106.8,-0.8630865507000036,-6.535438551659224
89.5,-0.8328451554366667,-6.565978338862858
108.05,-0.8825055205394128,-6.533405545748174
98.65,-0.8414215997603604,-6.55819665911722
98.25,-0.8364630349423503,-6.5353663406873865
94.2,-0.8503496098873887,-6.585179553193788
109.7,-0.8769115861407031,-6.537704131469735
88.65,-0.8591690821229754,-6.574180396743136
119.05,-0.8837053005274287,-6.539134873734923
90.65,-0.8098660511660223,-6.548772724231722
102.05,-0.8448844256887698,-6.553702626253274
117.95,-0.8738793893934123,-6.541279247210754
107.0,-0.8639990705498437,-6.580928079430992
104.3,-0.8581969924499429,-6.543617791519635
104.7,-0.8698007476326479,-6.57552982685947
87.9,-0.8371157394312837,-6.589602712405773
102.8,-0.8725246164940155,-6.5680062099055
107.9,-0.8837312353880863,-6.580174235813854
90.5,-0.8498319852194378,-6.5562972885993105
95.65,-0.8117941461572631,-6.55155101723529
81.5,-0.8341359028266611,-6.567826859438296
92.0,-0.8632248775643298,-6.556053903379258
103.55,-0.8761525746661322,-6.559350798030825
105.2,-0.8707608741940298,-6.543813467399815
80.5,-0.8348535897537042,-6.553171031040071
99.0,-0.8765559874643953,-6.556291548848469
103.35,-0.8502781389124043,-6.509359277082377
106.3,-0.8629467929833414,-6.536973955487605
113.8,-0.8731008267621639,-6.541342247380212
93.3,-0.8601331055003817,-6.531765614127518
102.2,-0.8754969616727998,-6.54835959223346
94.25,-0.8330858340508012,-6.518131741047261
107.65,-0.8762738586426874,-6.554674476957875
118.75,-0.8844697150882572,-6.560360637381824
102.3,-0.8672080128066932,-6.557798884794217
95.0,-0.8553012903413647,-6.582171334018945
101.7,-0.8626637694513033,-6.568445300389753
115.8,-0.8839233622047498,-6.567736706204596
101.45,-0.8654403370356212,-6.555189888677465
92.7,-0.8119650019945382,-6.569943072521265
105.8,-0.8676221396124228,-6.581317009901083
85.05,-0.8158418381040693,-6.5384671011411415
103.65,-0.8729083222572772,-6.531337478155258
98.6,-0.8497200615607239,-6.551189295145704
107.5,-0.8724401247234963,-6.556824202432554
89.55,-0.8491120057641801,-6.5685857875685185
96.0,-0.8316399746663713,-6.563133391131428
71.2,-0.7487530463044842,-6.528562077467496
97.3,-0.853473193554057,-6.531368796706937
110.65,-0.8813944296461986,-6.564041818623176
101.45,-0.867189961574514,-6.577062416244599
104.3,-0.8634888987695042,-6.536989679752935
110.55,-0.8730745017468763,-6.534510660624679
88.05,-0.8454494506483741,-6.562390915955005
96.35,-0.8593348409372604,-6.566177261189942
121.95,-0.895219163042605,-6.53670437569829
91.15,-0.8558670032207656,-6.556887505121429
90.6,-0.8513299999160011,-6.570040572419098
119.4,-0.8811132101828993,-6.550066096995559
98.95,-0.8629293848775994,-6.579964067842236
121.7,-0.8817343587571342,-6.560921896512279
84.05,-0.835661714698712,-6.524751230104039
119.9,-0.8695752835225775,-6.5488568250996595
83.05,-0.8472823125588731,-6.576667751349548
103.5,-0.8744356504632813,-6.592084054375107
94.75,-0.8636565217778459,-6.54419291112586
101.15,-0.8523178791383001,-6.564568375105109
98.9,-0.8592776619663814,-6.530475236640193
84.75,-0.84421467874095,-6.554144447402495
94.85,-0.8518967219455353,-6.548853965674411
82.4,-0.8248464053188975,-6.552276022685365
111.25,-0.8428428741246755,-6.553364676776778
100.55,-0.8674275381887016,-6.568001775702271
118.15,-0.854113784628989,-6.569418891172465
130.95,-0.874509702137692,-6.56623809303736
115.75,-0.8731959628613157,-6.577493485348344
104.65,-0.8635516663803646,-6.569018259902103
89.35,-0.8446023033132161,-6.581340717162976
87.9,-0.83738652043597,-6.580748085864573
109.0,-0.8747748308616291,-6.537673416125678
118.15,-0.8693777570972445,-6.5836790449911335
75.95,-0.7844493773868285,-6.576744779726314
98.45,-0.8668227972949636,-6.5808925080623695
110.3,-0.840866175560589,-6.563424932173485
79.7,-0.8261531504520905,-6.5549696074351065
82.35,-0.8472247902678482,-6.557544487930754
65.3,-0.7979847525641498,-6.530723805475384
94.95,-0.8502912121454042,-6.574686554068357
109.9,-0.8718702889320584,-6.538704002436501
107.85,-0.8762767738711871,-6.555765143198468
118.35,-0.8902620370438031,-6.5394164897660145
83.3,-0.8429640848753802,-6.5366048576766955
86.55,-0.8413402678469379,-6.506664893317252
117.45,-0.8661269884948692,-6.527614209093649
103.8,-0.8539219354647418,-6.53720270314776
87.2,-0.8425805814866856,-6.536217273438806
93.35,-0.8534147632107392,-6.530685664745744
95.95,-0.835073413979714,-6.564338004912663
109.85,-0.8623877431121032,-6.5201292281453025
108.3,-0.8643396946953794,-6.585538678855575
90.8,-0.8580271636125051,-6.568170963437625
107.75,-0.8771458268865443,-6.549987972948176
119.8,-0.8843825507824892,-6.559227333198875
94.0,-0.8509932624038516,-6.562923837412694
115.6,-0.8739189228592844,-6.574588057231833
103.15,-0.8535492887424987,-6.558974461764476
110.7,-0.8740964976457611,-6.581259508069349
95.05,-0.857102921187265,-6.559350405704481
93.5,-0.848158572820811,-6.586156119727249
117.5,-0.8809175766408789,-6.544679907038985
92.45,-0.851971966654706,-6.575296987937975
97.9,-0.8667334189166823,-6.547655779681589
97.8,-0.8634003522878437,-6.537944569974255
100.8,-0.842836653554369,-6.558677541552737
118.55,-0.8837908079371678,-6.563809069021754
93.9,-0.8690193888781513,-6.589004921700884
93.15,-0.8628465190464046,-6.569460791541926
100.95,-0.8672251266016587,-6.568025770760822
92.65,-0.849961677129334,-6.540049231593064
108.6,-0.8637855391181803,-6.5583381560515175
111.5,-0.8739893287487606,-6.57650403807507
109.75,-0.8310807669185328,-6.534340716451392
102.65,-0.8398348225619301,-6.5347536025012944
96.3,-0.8493383074970987,-6.556079111798574
115.1,-0.8796320013480893,-6.57249000859678
71.15,-0.8094272051148492,-6.545428745759411
95.8,-0.8512049120375359,-6.564362686129807
113.4,-0.8852205213677925,-6.5690920099278305
96.35,-0.8593315901942853,-6.55232325161805
93.35,-0.8413008931622474,-6.571309046729321
114.9,-0.8864736595111594,-6.572514089093124
77.1,-0.8212845494973864,-6.569942617558452
112.3,-0.8609055951034994,-6.555401491018043
100.4,-0.8576734076192869,-6.570305731508905
102.1,-0.8602007762557203,-6.5785963360818585
115.3,-0.8799097683497946,-6.572693389880358
92.15,-0.8614014799690695,-6.561150962374022
92.4,-0.8583083232032511,-6.570200602263834
109.9,-0.865943783138888,-6.562008040295645
80.5,-0.7782027229261512,-6.563185669820866
108.9,-0.8608266373788387,-6.569565999599535
99.25,-0.8592622723256877,-6.539120696892773
101.1,-0.8079306068752846,-6.548235498068644
89.55,-0.83727303283494,-6.5720844927029045
88.45,-0.8407868808946967,-6.560221884534519
110.6,-0.8628012530751958,-6.5521322363887835
106.05,-0.8801291897613055,-6.576691161995294
106.75,-0.8629666267534555,-6.589729399824866
106.8,-0.8738129101987594,-6.567631673831147
88.25,-0.8472307556094464,-6.551056545371573
106.7,-0.8691232178008969,-6.557210026808813
109.35,-0.8604767273056853,-6.586299116496586
66.25,-0.7926581081694812,-6.542738684983813
89.1,-0.8236441771158267,-6.539878581655017
91.8,-0.8306769738727555,-6.555858063140077
116.9,-0.8704003684180981,-6.53788755028967
125.35,-0.8802651991329933,-6.559705703737367
132.55,-0.8727035408731212,-6.541668765582978
103.25,-0.8653254231570772,-6.569152994811496
106.5,-0.8570251749061011,-6.550020296290714
113.85,-0.8908776926745233,-6.562506735559415
87.55,-0.8287534430722442,-6.562685562748037
107.3,-0.8760093989105705,-6.570580807181744
101.85,-0.8572609637781387,-6.605836285795945
91.8,-0.8542058918597707,-6.572230575487929
88.45,-0.8382419356832582,-6.589799537829462
115.65,-0.8897169272439174,-6.576069841650266
131.45,-0.8696177104480721,-6.562993839145103
89.85,-0.8370316241536887,-6.589543268512349
86.9,-0.8361869422728576,-6.587148935455325
111.4,-0.8764246214220419,-6.571892838306485
101.65,-0.8596462765396667,-6.5807944794885405
86.3,-0.8368802612850196,-6.581198537613322
103.35,-0.8623193850468688,-6.551863727567415
79.8,-0.8362744149924218,-6.567376765605893
91.0,-0.8387064507749511,-6.577588111787551
112.35,-0.8635289889860592,-6.544860359062275
88.1,-0.8300716079052103,-6.549282384029429
85.1,-0.8471007972074303,-6.550425204721674
97.75,-0.8420727600220758,-6.557850827840619
99.3,-0.8386417701854822,-6.5633695940584955
92.95,-0.8405924800422945,-6.515216349605642
102.2,-0.8695114795479375,-6.548657356145308
114.25,-0.8731235746343454,-6.573801965038863
84.15,-0.8304450327641936,-6.542234684268109
88.15,-0.8359354259124576,-6.539204354881275
101.65,-0.8727007532538925,-6.541580749052637
82.45,-0.8274926838658876,-6.542491709060849
108.35,-0.8704433552348133,-6.5686491964264775
104.5,-0.8717957188040837,-6.555862568215163
80.6,-0.8308729259526784,-6.545169818714868
82.5,-0.83482503518776,-6.543606360953298
95.25,-0.8333891721384893,-6.532676715262291
107.75,-0.8579339238874175,-6.5325438331169465
108.95,-0.8570064336174699,-6.557969923948808
88.55,-0.8417368928199492,-6.537058911143049
114.1,-0.8786917856900388,-6.531176536832531
83.0,-0.8189992703035308,-6.521774022491359
113.2,-0.861581708649996,-6.556957012507252
94.7,-0.8280193789076685,-6.533926684760489
110.5,-0.8656193100480547,-6.553169443341508
99.75,-0.8615731651846075,-6.563410662066497
106.6,-0.855734874579214,-6.554212668371423
89.35,-0.8109513057212491,-6.520853501562736
97.65,-0.8501188269684696,-6.537305404466565
100.55,-0.8710374052957681,-6.528402078463371
84.15,-0.799681053420898,-6.51457762457531
98.3,-0.8601156364949979,-6.531762589147758
83.75,-0.8481156051635533,-6.5146033064698
97.3,-0.8382599144320919,-6.509352855618898
86.7,-0.8355581566067075,-6.50717083702658
98.2,-0.8633560895951968,-6.5155570813392085
106.15,-0.8516451850368941,-6.506588905239821
92.55,-0.8552292309362404,-6.530684173355693
110.6,-0.8602967596932013,-6.548967924812177
100.35,-0.8754091894163357,-6.547128582691279
114.3,-0.8811014884490949,-6.532793245968828
126.7,-0.8886726890356194,-6.543172295737196
107.45,-0.8767510027178798,-6.545334946340901
104.8,-0.8674699317299813,-6.5276841894506346
106.2,-0.8682273610333155,-6.55408299893696
108.1,-0.8741622465411295,-6.576038746933508
82.15,-0.8304525465230604,-6.55330287633935
99.6,-0.8361628015772181,-6.535635684091419
98.6,-0.8494324240066783,-6.523610885110157
99.6,-0.8558030589706436,-6.547048109279802
127.95,-0.8863053143123034,-6.5465064235786175
81.15,-0.8095055847132455,-6.575057235552762
92.9,-0.8621095757873727,-6.574426855276961
99.65,-0.8561638832084257,-6.561405330161665
67.1,-0.7984493050667978,-6.531505804755815
98.0,-0.8772552346629773,-6.551444613572366
98.75,-0.8612524715197104,-6.538995128656863
84.7,-0.8323486301325504,-6.540051684699462
102.15,-0.8484144047824564,-6.506070959583572
102.1,-0.8688255483420152,-6.537436299167153
84.35,-0.8328671308954785,-6.513669856826252
94.3,-0.8343575618358429,-6.5427609347851785
99.25,-0.857030578779832,-6.509967433338437
100.05,-0.8702705542344953,-6.539187611685397
99.35,-0.8664608714101277,-6.55125033746225
106.5,-0.8631669646473675,-6.532847642386689
81.35,-0.8467218229711394,-6.491153257136704
89.5,-0.8532850126721978,-6.5100662271696095
97.55,-0.8410047974089437,-6.513618123574274
105.4,-0.8545515143505525,-6.537054617238806
86.7,-0.8535283780725127,-6.523926953919821
104.65,-0.8685022872956655,-6.513205814671048
81.5,-0.8219660523110116,-6.530680080297148
112.8,-0.8761311431063831,-6.541089877791485
100.4,-0.8422073663282976,-6.507267254354431
96.85,-0.863665903177784,-6.5194445618723496
105.35,-0.8721401510382579,-6.5250901402020745
126.35,-0.882742765435412,-6.5231987585616436
92.05,-0.8498243207259961,-6.537435725192287
92.2,-0.8115723394700185,-6.507826853272517
104.0,-0.8523450762441038,-6.5362057507607805
113.25,-0.8687894771967727,-6.552348875812046
93.6,-0.857461798940809,-6.51556494776955
105.0,-0.8798708581247826,-6.534262941128563
101.2,-0.8587430255098472,-6.523378596545991
95.5,-0.849985977988063,-6.534846646607136
115.9,-0.8561830895990757,-6.525303927305998
90.1,-0.8224590991856827,-6.537358976498399
97.7,-0.847741970160782,-6.546072455707647
107.7,-0.8766581870024147,-6.529240599105291
115.2,-0.8662059505265555,-6.519759558320615
95.05,-0.8588794377081623,-6.562479671936183
92.5,-0.8188529629416449,-6.4956857211078
106.05,-0.8653390282740648,-6.53931792037333
89.65,-0.8356234794777786,-6.529332682162708
102.2,-0.8630134392396693,-6.547522407126475
93.3,-0.8376369571880226,-6.533322336886495
110.6,-0.8755145300418512,-6.548761962027333
114.15,-0.8711357301987771,-6.550267101635178
133.85,-0.8870194109517817,-6.562043769324804
114.15,-0.888036617097996,-6.561549134078777
109.35,-0.8724847316500013,-6.557381101941068
104.2,-0.858534104461644,-6.580742211863672
114.15,-0.8898952445761413,-6.559793647153725
85.6,-0.8301641841557801,-6.560582006817079
110.5,-0.8426930181151319,-6.573949992097032
100.6,-0.8553519068993871,-6.560521937348102
89.0,-0.8421871011441489,-6.5741088288186615
90.8,-0.8395468042220477,-6.534468458251055
102.25,-0.8673847697851702,-6.567242866352447
109.15,-0.8386595992245939,-6.545749305269977
134.6,-0.9026214199262126,-6.596211708273965
105.8,-0.8725387957671483,-6.559792696665698
100.25,-0.8454080686111517,-6.574044296276523
121.05,-0.88114233953082,-6.573961952877871
117.25,-0.8795945120128108,-6.58887602463207
101.7,-0.841018927826917,-6.579612952321034
108.1,-0.8785125374395072,-6.58493373814602
104.45,-0.8760437928068111,-6.554263966251701
102.6,-0.8599672165812106,-6.5858574121875835
85.0,-0.8525194266592162,-6.601893222828721
124.35,-0.8902152886033756,-6.588811061313282
68.1,-0.7981952072008729,-6.59431926228324
104.85,-0.8594847633425923,-6.616272667969764
100.2,-0.8439160926209566,-6.591725561783645
99.1,-0.836015772807397,-6.579066021672963
120.85,-0.8732283552907996,-6.5815196929619235
91.7,-0.8372144709284145,-6.557528900091922
99.05,-0.863202586123918,-6.5871481724392895
92.2,-0.8644035280993178,-6.597371139833131
98.6,-0.8651030526344032,-6.603164889987413
104.05,-0.8753986094351968,-6.584024290370465
89.7,-0.8584980426060234,-6.607531985386762
96.45,-0.8546369546449555,-6.569301808285713
80.2,-0.8343356001081716,-6.585471700380111
100.15,-0.8741676897402373,-6.5827847317129216
96.2,-0.8561309012391061,-6.566915099481397
106.45,-0.8508688979262171,-6.5819533297079404
96.0,-0.8124361520632091,-6.573368661150262
96.95,-0.8344174971065893,-6.589022127452553
111.1,-0.8670390569945244,-6.567622343122009
90.2,-0.8092411806493363,-6.550629855203608
103.25,-0.855636723880323,-6.570118546386171
107.9,-0.8697992342312098,-6.581903921260279
121.85,-0.8880649150218911,-6.563338660427979
112.3,-0.8800443645741641,-6.573946190052385
93.95,-0.8212002473735553,-6.567734818611764
78.8,-0.8296830942730444,-6.564255775535791
94.45,-0.8371054606250452,-6.576681192952641
87.85,-0.8124671307903606,-6.557116643641312
96.75,-0.8472020358976369,-6.552096840447396
84.5,-0.8295606364979937,-6.555865336692525
103.4,-0.8625814576418724,-6.55486179806945
102.6,-0.8532097002816327,-6.58900698856427
118.4,-0.8667811426218837,-6.560514135225714
95.35,-0.848976368158166,-6.544418499345963
102.3,-0.8279824726975219,-6.552294296744513
108.75,-0.857882820290689,-6.5600343137981465
97.8,-0.8674617966634086,-6.587152332570834
80.95,-0.8092282402393982,-6.576253913312129
86.6,-0.8451367901785792,-6.576880401264738
93.15,-0.8672058215306218,-6.537286066407441
97.4,-0.8552857972534641,-6.573867341750818
113.8,-0.8784422538103136,-6.572311756413799
85.1,-0.854858333437005,-6.550603574408145
83.2,-0.823525533653086,-6.537879251033431
88.3,-0.8449392461058594,-6.52662783221967
111.9,-0.877624945186348,-6.542796953870156
90.05,-0.8166828716559845,-6.5329037090308075
97.85,-0.8597107675919003,-6.541690529034736
105.45,-0.8801667653652163,-6.5499079986187185
86.6,-0.8546106248700396,-6.530545714446243
96.65,-0.8471508950651672,-6.548079723201179
102.35,-0.878346549107192,-6.513303774526243
88.4,-0.8345687537468969,-6.566755599085366
104.85,-0.8661841520660853,-6.538155739606805
89.85,-0.8549581334945984,-6.532167769290169
103.15,-0.8676332282114945,-6.5174805638523186
123.3,-0.880924949426212,-6.562001061804549
93.25,-0.8537770668681208,-6.531120987938027
93.2,-0.8382293163042991,-6.565735863887397
86.4,-0.8455499327385315,-6.543398901171059
110.0,-0.8805941867959461,-6.5416447865178995
87.95,-0.8259349131555922,-6.545051073424839
120.5,-0.8824790773914595,-6.5189657092466815
97.0,-0.8607755432442061,-6.529056973170323
109.35,-0.8889994910669324,-6.548147327571219
99.5,-0.8397820209867035,-6.556777160931477
99.95,-0.8623072824050404,-6.544226437134151
97.75,-0.8345408840278752,-6.504269597749437
92.15,-0.7732276236873032,-6.533458993831614
104.2,-0.8800516422178244,-6.556361744823834
106.3,-0.7916750776946158,-6.544842385806758
106.85,-0.8809249588930508,-6.55032639664369
108.15,-0.8862837484520201,-6.586287629492297
79.75,-0.8452183289821564,-6.564214175257554
85.95,-0.8508444230864258,-6.56119625391444
105.55,-0.8607034339356752,-6.5082827246059365
122.15,-0.8773376236661304,-6.535307898562868
77.65,-0.8127686838082223,-6.534650749835532
95.2,-0.8509621897911925,-6.527756450163215
97.95,-0.844496691462529,-6.521666576579115
108.0,-0.8642670269093555,-6.554477973301317
132.55,-0.887112294734196,-6.557779655757599
104.5,-0.8598795430862116,-6.5481293391567785
101.0,-0.8743857124505643,-6.544636484929813
95.65,-0.8547872360258895,-6.544574297180131
120.65,-0.8889560412500105,-6.5610988392201675
75.3,-0.8133620636681733,-6.5724818262966975
79.45,-0.817381387306464,-6.573199098474101
95.65,-0.8535668332782548,-6.53821939882487
122.55,-0.8950443706889294,-6.526457761767816
100.25,-0.8536728104838552,-6.553810102272289
86.05,-0.8379876500660552,-6.565213115178672
87.85,-0.8405761364038759,-6.540015265747837
86.55,-0.8474138639717663,-6.547990141477435
106.9,-0.8618037950422732,-6.540444768007174
108.6,-0.875555481918051,-6.549009360062604
102.9,-0.8598294020977597,-6.5356734735806725
89.65,-0.8422303195721144,-6.541989099832023
105.25,-0.866631247325828,-6.5775192829411795
90.7,-0.8512241829902514,-6.566315094129069
78.2,-0.8457902738252303,-6.531283864144219
84.7,-0.8156581440352262,-6.5309180857568
93.15,-0.8586489724156736,-6.539200782823892
95.5,-0.8612265719187455,-6.497623814575661
105.0,-0.8702431802224687,-6.511121779376469
89.55,-0.8572946727848713,-6.511011713077051
98.55,-0.8365733722453828,-6.504433441162884
129.6,-0.8707952264859815,-6.5227317684791455
86.0,-0.834550873631869,-6.499584095055027
86.25,-0.8484135789101417,-6.532327559758336
100.05,-0.8703037188179807,-6.5474682286524155
99.3,-0.8514602402454722,-6.533153441309452
98.5,-0.8565698563032654,-6.5266227768665015
109.75,-0.8633376208278749,-6.545599800588827
89.2,-0.8472184850609972,-6.543418919710204
104.7,-0.8355132312636657,-6.5248211827065195
99.4,-0.8307884023694816,-6.521456064014593
111.7,-0.8819760652711468,-6.50976018013517
84.75,-0.8260494026760921,-6.543889816466242
102.5,-0.8738839727100304,-6.513556428923216
98.05,-0.8562716644794353,-6.5452642492356246
98.9,-0.8416561570260385,-6.515586673789886
104.25,-0.8758342508044571,-6.541225699326995
97.9,-0.8571584030354302,-6.499349305953279
108.8,-0.8674093837649611,-6.498276527836036
76.75,-0.7850907883891923,-6.474258482128282
93.3,-0.853815723368869,-6.518955842815684
80.7,-0.8141220861445804,-6.520453075233389
93.65,-0.847198574239426,-6.494045072383902
88.45,-0.8536710245730165,-6.518043554443805
99.05,-0.8713716289655654,-6.5195886830179415
88.95,-0.8491164964012745,-6.492518632683229
104.9,-0.8690561426880427,-6.493506457740916
103.1,-0.859236396707583,-6.499371324913639
89.4,-0.8506616084202369,-6.504738466575492
98.8,-0.8303974316963444,-6.473110841146072
100.0,-0.8549751182354515,-6.505284668481171
106.3,-0.8725580117307017,-6.486412815896597
104.05,-0.8716855778636561,-6.540114068079764
85.6,-0.8203186370205863,-6.52176851454021
92.45,-0.8596888555008679,-6.528503860281113
133.65,-0.8663359304970616,-6.506532014555967
85.8,-0.8470049701204017,-6.505917572510576
87.3,-0.8499710244030598,-6.5191247450566205
85.9,-0.8051857426452239,-6.498081387394079
80.4,-0.8065001178995139,-6.52331682825838
106.25,-0.8717187244423703,-6.4750821795689095
78.9,-0.84118538048057,-6.492163903575536
105.9,-0.8685108979283672,-6.515862685956014
78.25,-0.8170131655846335,-6.498602120899181
84.8,-0.8455040172562107,-6.4858115291236205
109.05,-0.8799918267497121,-6.483790726969687
97.15,-0.84094865298186,-6.507884023247643
97.85,-0.8289847184486684,-6.48991406825637
118.65,-0.8809102481035082,-6.509292300114017
110.3,-0.853985663424831,-6.516751427230185
79.45,-0.8165635809601394,-6.515706025400922
108.5,-0.8819461723770315,-6.488389894574581
95.75,-0.8658057746816803,-6.488307064380126
113.55,-0.8645968021574438,-6.507003873969064
94.5,-0.8682348907355157,-6.515672278793048
95.35,-0.8239262618046503,-6.483828877561367
108.0,-0.8551542372695232,-6.493394489988091
106.05,-0.8489616448055202,-6.523222767436865
103.45,-0.8656110743675235,-6.510542125419744
91.85,-0.8530053196025813,-6.529654542558968
80.05,-0.8463277619341248,-6.480052710181849
97.45,-0.8485644707022679,-6.5063565157698715
96.1,-0.8517262635520476,-6.499014162020652
85.2,-0.813016494781821,-6.53148466842949
117.05,-0.8764585015041154,-6.495641117577151
99.0,-0.8524943185180105,-6.486956961035103
105.5,-0.8682016221744744,-6.477878633886104
104.25,-0.8732767982986693,-6.488748541202126
138.9,-0.9047997513973025,-6.519457803982884
114.8,-0.8850172196040822,-6.526841657190808
88.55,-0.8285092701612781,-6.506468573567668
92.6,-0.8433626974493776,-6.534165058207293
99.25,-0.8444665314723793,-6.5195414258424975
103.35,-0.8656594804479166,-6.528956408910835
95.4,-0.8650146477862541,-6.539782443890107
114.15,-0.8981247070275465,-6.533233805930017
108.4,-0.865192313726104,-6.52544752655969
110.35,-0.8790202695825899,-6.551573803578779
81.2,-0.8195394220989906,-6.541664754460062
90.3,-0.8495263911411526,-6.552059004226335
92.15,-0.828594691654701,-6.535209923243784
104.45,-0.8358017950031948,-6.514131209931935
105.55,-0.8812532824018449,-6.525381039474714
75.65,-0.8141106983654176,-6.529030718632997
72.5,-0.7576175052705516,-6.478630471647219
87.35,-0.8235560985063529,-6.479041498786124
99.35,-0.863519037591155,-6.5040820484441735
111.35,-0.8476386098529318,-6.510214875246983
97.1,-0.8310777723884485,-6.507291889310544
105.25,-0.8486402749220101,-6.508445778011432
94.25,-0.8405076546614592,-6.5260984375590185
112.2,-0.8885853853845627,-6.485345072734899
98.7,-0.8583801845588687,-6.517492038662555
119.3,-0.883414288098859,-6.533298167473054
89.95,-0.8608324496930193,-6.511211024529615
96.0,-0.8571405777993194,-6.524356175676033
95.35,-0.8699585802197239,-6.501197394335136
93.15,-0.8369585845688003,-6.52099933933813
87.25,-0.8521002527673989,-6.513917960713196
110.6,-0.8441915849248034,-6.507964301536281
99.0,-0.8568838955612887,-6.523096933788669
92.05,-0.8372782739525908,-6.50416120522528
100.05,-0.842367341041516,-6.522381208106095
82.15,-0.8017441056779855,-6.492825866812784
105.55,-0.858079310387233,-6.523452373962838
110.45,-0.8117423770904615,-6.508689826166096
124.4,-0.8810571232680877,-6.507431471934943
107.4,-0.8463781031965045,-6.52406494799822
108.8,-0.8531069694164944,-6.522682581588116
90.6,-0.8295918816981587,-6.529428400189886
91.45,-0.8540319485973932,-6.508305877318787
97.2,-0.860688074960134,-6.521092706754897
100.2,-0.8431328570449264,-6.502071822602143
90.7,-0.8392243653602302,-6.528206106271261
91.15,-0.8442775904961379,-6.527590081916655
79.35,-0.840043269337302,-6.537343398258471
94.9,-0.845171727719164,-6.525376547297105
84.05,-0.8346930591594862,-6.504417791688864
106.95,-0.8731868254279126,-6.50503928078714
87.45,-0.8365539015394271,-6.501085752916126
102.15,-0.8703866129122269,-6.508549464038292
78.9,-0.8411522473735327,-6.511317702239701
96.1,-0.8592689439824774,-6.490995939368361
106.6,-0.8791118672390065,-6.482387291959974
99.2,-0.8242213962899214,-6.4857616013265815
103.35,-0.8394392055403035,-6.478571338677163
93.45,-0.8390392442182184,-6.531128719262249
100.1,-0.8678898739705027,-6.523955686386955
99.65,-0.8576458535752401,-6.492877854776934
100.65,-0.843500928465596,-6.486853478340278
92.15,-0.8571843919289496,-6.496989158190864
108.65,-0.8654038997195916,-6.474822234490293
121.8,-0.873483076522246,-6.513470502388275
92.8,-0.8435567811885436,-6.47498250411635
101.9,-0.8603549882303095,-6.505473019348138
100.75,-0.8494653466093588,-6.474410085375226
93.5,-0.8628744059447733,-6.54342051838732
102.85,-0.8576280905485971,-6.519533048640551
98.0,-0.8480230431847111,-6.525861531378399
97.15,-0.8491738837888722,-6.513327960896899
110.85,-0.8768279600616008,-6.509454820756675
98.5,-0.8628527095589762,-6.530118454766547
92.25,-0.795686903346312,-6.473856127676809
100.3,-0.8657617699710333,-6.514432716037831
98.05,-0.8641069487747781,-6.522618743390827
91.35,-0.8461227614441682,-6.502168318889777
96.45,-0.8056046736318023,-6.507960707354783
119.65,-0.8787366199845558,-6.5140653252987075
96.2,-0.8637613079690526,-6.505406563291453
98.7,-0.8592742026462231,-6.521163790366634
93.65,-0.8267449521835062,-6.49087361086657
104.25,-0.880028148512672,-6.519815258658731
105.0,-0.8589176451645735,-6.501848611192598
97.35,-0.8586611714303439,-6.507173996908959
90.6,-0.8400452216590395,-6.515606299398667
100.45,-0.873414286193731,-6.521393762650154
89.65,-0.8510545551263974,-6.5253045153268
98.25,-0.8572846337729109,-6.507763786646424
112.15,-0.8364040303208216,-6.523875624303277
85.6,-0.816662248133438,-6.479387105555466
81.65,-0.8372352924895348,-6.522889470380841
99.8,-0.845870423681063,-6.51265807878198
99.95,-0.8530868675154905,-6.499853298834198
91.85,-0.8353384735525051,-6.481911274935878
106.6,-0.8459498107588128,-6.508050454859971
88.9,-0.8422651788730707,-6.49927580426988
111.75,-0.8775885539359992,-6.513454694508887
105.25,-0.8586986674240593,-6.520176885974149
106.75,-0.8728198192618674,-6.529188305038005
82.6,-0.8008780738723911,-6.526626283272142
100.45,-0.870101617522035,-6.53444453991668
115.65,-0.892212995643947,-6.4912286592478905
87.8,-0.8279917264030872,-6.530797617655227
95.9,-0.8653411325460596,-6.531290630067848
89.7,-0.8371604137766218,-6.505647788443612
91.65,-0.8643108636168991,-6.521356131214281
86.7,-0.8479045100129587,-6.520479984598029
94.7,-0.8542240808600488,-6.49869817156717
113.1,-0.8824304361036107,-6.5125866581594805
89.35,-0.852544897910476,-6.515232187509234
80.0,-0.830194744741342,-6.483115666814578
106.5,-0.8143424751953499,-6.462013226347123
102.25,-0.8591047640920113,-6.502193669721775
103.7,-0.8401293101823709,-6.508123378243157
71.65,-0.8212395546005336,-6.499777203181374
99.2,-0.8601603110342975,-6.510390473340363
96.75,-0.851521381063667,-6.489007006977626
114.0,-0.8809035618273515,-6.47797500907995
82.95,-0.8376906819551444,-6.5301967968162415
103.05,-0.8641209832210814,-6.521183441888479
103.85,-0.8548281648290551,-6.49967306652305
129.8,-0.8867104577036213,-6.509521916313842
101.65,-0.853974487946544,-6.527115891644286
108.65,-0.8727067706570664,-6.5228443858476215
101.8,-0.8419122719237457,-6.537677762982035
87.6,-0.8210857331783075,-6.501893200380204
94.75,-0.8498993266370685,-6.505016593421016
112.85,-0.8820306580728683,-6.525186916223729
93.95,-0.831427608032841,-6.482221529024701
95.9,-0.8537171570376811,-6.524902912367113
101.05,-0.838407039439252,-6.536580842048349
92.35,-0.8560795853423036,-6.487924931684731
93.3,-0.8483057355534391,-6.499802401707401
102.05,-0.8583928030368714,-6.5293035380639655
86.1,-0.7759910659639743,-6.514833398096528
103.05,-0.8635149078276212,-6.543448232807087
77.95,-0.8081244216552026,-6.511860394624156
120.75,-0.8686715989418664,-6.506020751407673
91.25,-0.8436090218135777,-6.5207798717516
88.4,-0.8415815259437386,-6.469560094465052
94.15,-0.8624211816682419,-6.499156232646588
103.9,-0.8332954131604817,-6.503880540125856
111.75,-0.8751682696410501,-6.499246785092805
98.15,-0.8676699946431017,-6.501503082428488
97.95,-0.8290749638615764,-6.529009223679677
120.7,-0.8937678878002948,-6.515857700907532
81.2,-0.7934795322053294,-6.518324477544619
81.05,-0.8242397562755317,-6.495647546188929
104.55,-0.8634020774190214,-6.505486457395634
86.4,-0.8494241442826429,-6.507319101671682
97.05,-0.8533824796162163,-6.489539050259059
88.25,-0.8203427118155785,-6.502804206744604
100.25,-0.8514211277301745,-6.509812464920472
106.25,-0.874160699497995,-6.493276841362098
102.8,-0.8409589824009874,-6.495919586405935
147.3,-0.880986186933461,-6.521147234918918
83.45,-0.8388458551008979,-6.498941428097135
97.55,-0.8428757848600673,-6.518882907762601
84.7,-0.8158703187994982,-6.488481149917722
97.55,-0.8421110867722092,-6.515340192986105
91.4,-0.8472502174559795,-6.515611403547005
88.75,-0.8494520591015972,-6.481746649771989
92.55,-0.8372632492395574,-6.52139555281187
89.75,-0.8423583633052134,-6.504662962087058
81.25,-0.8319872740128066,-6.5062362859651754
98.05,-0.8439615987861344,-6.497016452440296
104.6,-0.8404826892626488,-6.480372680111063
103.95,-0.8699134679709134,-6.505718036029057
90.15,-0.8483524713779136,-6.517998533842674
118.05,-0.875591292894001,-6.513810215108428
111.6,-0.8598343367428878,-6.496475377927756
108.3,-0.879010824635078,-6.517880015795482
125.45,-0.8739656130912128,-6.509270402477884
81.4,-0.8558820554693132,-6.532784416893887
105.95,-0.8446519231364673,-6.517767942801854
85.35,-0.8096954536851252,-6.5071843271764775
88.0,-0.8290392031687072,-6.492102092405313
100.05,-0.8600974933260593,-6.502622862673476
83.55,-0.8134395800371672,-6.504158618511323
104.7,-0.8665537780352757,-6.524603146859377
86.8,-0.8567160397548228,-6.527521425168144
97.1,-0.8646754827447243,-6.529974276018542
86.7,-0.8178166237977287,-6.506240856008884
107.6,-0.8603479073228387,-6.506416231618442
103.2,-0.8624271550088647,-6.509049458397547
91.95,-0.8645097316147407,-6.509992413479348
94.3,-0.8660970570414482,-6.515871679544605
91.6,-0.850446910667791,-6.5019740904868994
83.75,-0.836290649819609,-6.495466928256244
87.55,-0.8373096873209331,-6.493344672614279
102.05,-0.8603755518316694,-6.515717465861312
121.65,-0.8902402784282517,-6.489458072240223
85.75,-0.831491567182409,-6.526133516974715
95.45,-0.8574488154774643,-6.543542803225735
79.8,-0.8312584275916759,-6.480841676570888
89.15,-0.8588612426275931,-6.46157318642358
95.95,-0.8647050747287164,-6.517977233193224
98.1,-0.8567069290332432,-6.486688434751345
97.35,-0.8592511446862311,-6.478480226445209
78.0,-0.8097405770928654,-6.471702027213486
105.9,-0.8759747242370913,-6.4899280916287525
78.1,-0.838140101974249,-6.4772103953991715
92.75,-0.7946710472698568,-6.440641466031484
81.8,-0.8142893235690194,-6.486157294131341
104.25,-0.8420263161986401,-6.472340038036926
95.5,-0.860349747798883,-6.450783464047362
98.45,-0.8081855586158555,-6.461858728431959
91.75,-0.8487720632477569,-6.480980776365799
104.7,-0.8576768651370648,-6.481796499733095
110.1,-0.8749649499951546,-6.460949513547547
95.05,-0.8480149219543076,-6.48202682797902
74.55,-0.8118838855532532,-6.458498280217812
88.9,-0.8336921801562569,-6.475099023318881
79.5,-0.808606617186682,-6.4881942204616205
76.05,-0.8104400759689362,-6.4291943024415446
101.35,-0.8759455291256562,-6.471806020170502
115.7,-0.8686347641078825,-6.4835947078433165
102.2,-0.8596014502875345,-6.449488833106676
99.2,-0.8428697615018385,-6.458572813067789
113.55,-0.8591425624301008,-6.459588319841624
107.85,-0.8780922972683503,-6.480386232975083
95.45,-0.8567659575719964,-6.475710023548809
87.15,-0.8491926477371321,-6.45731066939876
86.95,-0.8473097100234257,-6.486720726454339
122.05,-0.8974144876228273,-6.4883241122412425
94.55,-0.8514780540055098,-6.471906159773285
103.55,-0.8401410903776672,-6.485736036402287
123.95,-0.8773475069121753,-6.464300377217521
105.6,-0.8421981727070567,-6.49017587099212
100.9,-0.8355392804617543,-6.486573410548954
93.8,-0.8595705602300459,-6.484210785303463
101.0,-0.8681560880376338,-6.491837419418074
85.3,-0.8322381930651321,-6.473890630582706
105.55,-0.8484592703321855,-6.4615968207976
94.95,-0.8511614247331367,-6.487530067553422
84.75,-0.8614836509919673,-6.4942110437347695
90.6,-0.8444715314892044,-6.490523435040336
90.35,-0.8425132783626419,-6.454740292232709
90.35,-0.8465295777298143,-6.462519392725964
97.1,-0.8577909881197915,-6.481361533902823
90.35,-0.8444388269546852,-6.50220616590624
114.05,-0.8615916450300724,-6.455222953836744
95.3,-0.8523959410322363,-6.50280363657245
101.15,-0.8462919613039397,-6.480157048178148
102.7,-0.8440643001693928,-6.4729073706903675
91.4,-0.8540587875818779,-6.468819971379458
101.6,-0.879126452507528,-6.493368110065104
88.5,-0.8487952144601728,-6.468014332924469
89.8,-0.849013376715569,-6.490180209216504
101.55,-0.8603955150841447,-6.451935835897848
131.6,-0.9059010893611827,-6.495544749212347
93.25,-0.8439915313714783,-6.491790043248473
88.4,-0.798675359712112,-6.482804010918143
91.6,-0.8604670011592667,-6.491393269483541
89.8,-0.8514548108257387,-6.492489632193852
128.55,-0.9041997118484973,-6.492831661358162
84.55,-0.8372717303879602,-6.504901388340505
91.75,-0.8507083705891254,-6.509106862879665
102.05,-0.8632093485664616,-6.466128213680852
106.7,-0.8693159529262381,-6.480214483587595
76.25,-0.8372513047897746,-6.470196680077658
103.3,-0.8475410721709731,-6.495802974743825
105.85,-0.8656320699131447,-6.456998528233403
105.1,-0.8669611402051416,-6.49899236391825
107.75,-0.8724722107800668,-6.484464518950962
106.6,-0.8722196211298433,-6.506737481790646
101.35,-0.8726682468800551,-6.509679090695189
91.9,-0.8437787120393418,-6.483617907180053
104.1,-0.8519089211006985,-6.489725230014199
98.4,-0.8466864241934884,-6.487152787450279
91.1,-0.8631761726380891,-6.480822012355001
82.95,-0.8510095110634422,-6.513170276916734
87.15,-0.8295937092582228,-6.480273741634667
104.9,-0.8491857130192109,-6.47948586370822
83.95,-0.8385427274298154,-6.48809962077101
102.75,-0.855557233350465,-6.509229750976877
116.75,-0.8821436120242045,-6.509371256916573
90.85,-0.850495062616381,-6.502003194071979
103.5,-0.8641093038321005,-6.469429746439376
81.05,-0.7997953362984359,-6.492685668594315
107.75,-0.8707741575144791,-6.466779441833902
90.6,-0.8188277795366483,-6.467574177829659
103.15,-0.8594265200511548,-6.511218401390158
104.6,-0.8587112471945391,-6.479301792098083
110.4,-0.8673888709720028,-6.4886251102729435
104.75,-0.8596251767057964,-6.482637939235168
100.3,-0.8728018176723917,-6.489279714505874
91.95,-0.8474367038729698,-6.5125198460892495
96.6,-0.8271092366661495,-6.510034980316711
90.65,-0.8272298530648614,-6.515487607185267
100.9,-0.8520769301234271,-6.46895738602537
108.9,-0.8551743291227398,-6.523411523169846
113.85,-0.8585342415452268,-6.485025537361968
91.6,-0.817874564215219,-6.478420097155033
99.25,-0.8630262343842489,-6.5057278260316425
105.65,-0.8442419473350498,-6.4761043070194635
94.3,-0.8340784235963443,-6.485081773189883
106.8,-0.8748258048498216,-6.507371681623438
97.0,-0.8662081523235644,-6.475459704437486
108.9,-0.8649634715454704,-6.517566089785335
108.8,-0.8698847808924558,-6.5010731171382945
86.7,-0.8447976549205309,-6.5164048707956095
110.6,-0.8639080953652408,-6.503464023277324
80.05,-0.8017208681438198,-6.4820506737518855
102.05,-0.8610726853192295,-6.500314660958532
87.7,-0.8146741558204939,-6.498016940013831
112.8,-0.8819228250686141,-6.5127749432746995
102.3,-0.8747478001338023,-6.52054072757277
100.95,-0.8760647116384568,-6.534538182685056
94.95,-0.8587152430324853,-6.499497321309187
102.75,-0.8660096854759372,-6.500729204790234
105.1,-0.8776608246417146,-6.544704572985981
107.6,-0.8833187615675397,-6.544432267711562
103.05,-0.8747088402284288,-6.514778960085886
103.6,-0.8339166024228388,-6.499020798723519
103.05,-0.8438993763862694,-6.535929325730055
116.55,-0.8843096764419279,-6.506806231168341
119.45,-0.8818028132253246,-6.514074465202239
98.65,-0.8710227422454349,-6.538414419570873
98.85,-0.8360937381382154,-6.552246943528954
101.05,-0.8608575631386151,-6.507690619257819
110.2,-0.8691416273403479,-6.517375783391991
91.95,-0.841623302906925,-6.554217882335832
87.5,-0.8208072401406252,-6.552510598776268
97.7,-0.84801427695655,-6.502048535087046
93.25,-0.8344905057928578,-6.499784797288287
103.25,-0.8612371616031996,-6.516356753189838
118.55,-0.8702570832330665,-6.539279387891817
86.25,-0.8352117744010318,-6.488087053977
95.9,-0.8450435052483275,-6.536866228871171
116.1,-0.8580491204815089,-6.5241123301061155
111.65,-0.8757957345509721,-6.5508615490518025
105.2,-0.8693752857018826,-6.571180417789276
108.6,-0.8713089599869066,-6.544615633194793
106.75,-0.8713001804749207,-6.561825088717344
87.65,-0.8391016803155347,-6.573961100290215
103.6,-0.8650988883293499,-6.527258923029113
108.3,-0.8581635168001738,-6.540758734641583
107.65,-0.8800549810836034,-6.5438944272567765
117.55,-0.8645529352225845,-6.55341345012242
83.2,-0.8265960523844592,-6.53423296434439
113.65,-0.8605584613920362,-6.5758144372704255
100.1,-0.8540987570441846,-6.539612341098713
112.25,-0.8852843193631136,-6.559069220492589
96.65,-0.8543432385040844,-6.56221481155431
95.0,-0.8335154954600457,-6.536213585356792
113.0,-0.8609168020850408,-6.575994079525534
122.7,-0.8678134587168417,-6.570606280608206
97.4,-0.8605126815608996,-6.574638739886976
106.95,-0.8592293147796937,-6.56065663004
119.0,-0.8785957391431994,-6.563382269555244
119.3,-0.8887499059533092,-6.566113822727215
103.0,-0.8667274221008661,-6.583806447247488
88.35,-0.8546153196573425,-6.569634446961215
90.9,-0.8221478587743771,-6.5361045642557105
104.4,-0.8710021383654833,-6.573162195751044
88.75,-0.8467212557061995,-6.568614339478428
96.15,-0.8126591454287724,-6.547660804874302
94.5,-0.8527361445087125,-6.55071658846347
95.25,-0.8432359163804926,-6.585007665368195
91.45,-0.8134337374988231,-6.5368584491564174
95.15,-0.8607724634907866,-6.5977223235668045
87.65,-0.8244682137584041,-6.539945239387677
120.3,-0.8854054987990858,-6.551266084150174
94.4,-0.8315961416191133,-6.543612217363368
83.7,-0.8380593870634762,-6.575018851108484
111.1,-0.8534564224906751,-6.5335234099796295
92.2,-0.8396316635040664,-6.562113894166602
96.75,-0.8422890577817238,-6.565056764409372
102.0,-0.8603249739382852,-6.5597327033587165
105.1,-0.8712891413918996,-6.568584892626386
88.3,-0.8388889723711783,-6.567654683770812
93.5,-0.8594508708765101,-6.547906822224489
108.75,-0.8694510656446146,-6.546466956400505
100.05,-0.8415247007021849,-6.558802887488843
105.9,-0.8544724832658488,-6.563982412204898
108.65,-0.8703966650051868,-6.559122343396385
114.95,-0.8916084399383768,-6.569032962848533
93.85,-0.8763114094305516,-6.579096565786036
103.2,-0.8722137778552564,-6.592996114902638
107.55,-0.8811249119025735,-6.555153008945202
90.15,-0.8523860072860797,-6.557933119268067
96.9,-0.8219162297126607,-6.575663786807771
106.5,-0.8674552513478083,-6.5494919776046086
96.55,-0.8675843669320953,-6.5780445795752485
89.4,-0.825725859014816,-6.549258833820953
102.45,-0.8541391919660031,-6.539364038380983
99.75,-0.8528193982511775,-6.549242679587057
101.4,-0.858308997712621,-6.574524813166237
107.6,-0.8558895604003668,-6.5886371910657315
95.65,-0.8344030129434689,-6.587124742839789
119.35,-0.8929969512721575,-6.591730113661894
87.1,-0.8442388432651496,-6.550320588520378
83.45,-0.841580450839247,-6.533872251168996
111.3,-0.8635784998025129,-6.571786142446913
121.15,-0.8907332055388913,-6.5408325270563905
80.65,-0.8378157206247543,-6.551326384045264
102.3,-0.8560528681470464,-6.541250726771094
78.75,-0.8385385457328647,-6.55220286365306
90.65,-0.8307500561915724,-6.536166221010191
84.25,-0.831360247192127,-6.5283659624798505
108.4,-0.8704410227123514,-6.536407403885141
113.0,-0.8581799238495259,-6.544226376089187
107.3,-0.8504367436789018,-6.535160563073721
101.25,-0.8626823301988156,-6.559448801265658
108.7,-0.8614139229266542,-6.56292199282835
107.5,-0.8631010473035425,-6.552686252118869
80.9,-0.8122905852171074,-6.532763453975018
101.55,-0.8673430564359474,-6.541359374962896
96.0,-0.8470235533954685,-6.593032170236732
103.45,-0.8639990225165388,-6.536219459950134
114.85,-0.8836357702536308,-6.55987003507916
111.0,-0.8843371685418913,-6.554189070415506
104.95,-0.8653673468159843,-6.546332138173829
99.75,-0.8593521970007973,-6.552796627086506
101.5,-0.8629723931419265,-6.5664232239357165
78.3,-0.8284065574158607,-6.526867005820064
114.35,-0.8584906823786003,-6.54552184317726
112.85,-0.8663459843049444,-6.528702962243486
96.65,-0.8738076842345734,-6.6002796554711765
98.8,-0.8619490480269795,-6.5695238134692815
102.45,-0.8627948646062504,-6.534008053027103
103.55,-0.8620460054407015,-6.579555911959018
94.4,-0.855807308036022,-6.548669045088118
96.85,-0.8671867317623562,-6.5563725893957425
84.7,-0.8202347709965798,-6.545106167136771
128.9,-0.882614301955295,-6.568931741488095
99.65,-0.8668378715554766,-6.56986855454444
88.0,-0.8491851252254884,-6.571537679192053
97.35,-0.8672740730908266,-6.556500606013695
85.9,-0.8269460536946281,-6.556354545535544
115.85,-0.8868404885045207,-6.57300244190161
100.55,-0.8758068053963972,-6.566377419109086
101.5,-0.86926912202271,-6.5495390608575805
83.3,-0.8252531182101779,-6.565941860153721
106.45,-0.8384554472670027,-6.5197631022833615
91.5,-0.8293463509039232,-6.576686587204402
110.25,-0.865636662061149,-6.530656069808788
99.45,-0.870460568403639,-6.555608819273244
88.2,-0.8498242284342747,-6.546875929809969
93.05,-0.8597372558983067,-6.546532686940701
133.75,-0.8818934257428811,-6.5504397573690225
85.85,-0.8046435877387748,-6.580514734547897
109.95,-0.8796365614606337,-6.548134223892641
106.55,-0.8620483496103171,-6.545969106923595
113.7,-0.8695553503442721,-6.585934793954456
103.05,-0.8379962797976214,-6.579041298859226
90.85,-0.8529285556833562,-6.580096675413401
98.85,-0.8539272086319242,-6.5380479755223675
86.5,-0.8303503467881432,-6.575944485293728
98.85,-0.8597763413961849,-6.549503162004113
109.35,-0.8631047129573505,-6.553784584394367
96.95,-0.8549805031281416,-6.544295428703367
99.75,-0.8593407690820569,-6.5810634986614955
114.7,-0.8555615035069094,-6.565233523094001
88.7,-0.858795480946713,-6.542010140806967
112.55,-0.8677143946017777,-6.562138209409248
99.05,-0.8309433392634482,-6.534152037775934
99.35,-0.8600862518287888,-6.556842299672847
99.0,-0.8674196146707305,-6.589381725507489
88.9,-0.8428989227512963,-6.553096006067056
95.95,-0.8578045328046352,-6.581511831250857
102.85,-0.8678146849928314,-6.599356918870159
82.2,-0.8288698490858104,-6.525244864651727
93.65,-0.8439512237787508,-6.582164880396242
99.4,-0.8651457289736925,-6.5568508460643695
96.55,-0.8213721110692676,-6.550293320493043
95.85,-0.8566064009720533,-6.55081663890455
101.1,-0.8564064571302217,-6.520266855652106
92.8,-0.8262838849985,-6.546880091479215
96.45,-0.8412569392998795,-6.5374366653030265
77.2,-0.8380939020112234,-6.573481834549021
101.65,-0.83444966670904,-6.542707714365504
83.65,-0.7958320651245863,-6.554556974999324
100.45,-0.8510213773970804,-6.534530737321778
101.15,-0.8530265458403841,-6.547316821170801
100.95,-0.8570194381679561,-6.535151265643852
93.7,-0.8454064214389506,-6.527307995579719
108.35,-0.8747861404530125,-6.540294168255793
93.5,-0.8044439588477813,-6.495455938185302
93.85,-0.8699452949664414,-6.563000908266682
127.0,-0.8859400849319545,-6.522810810070709
89.75,-0.8419260622019857,-6.53538608251303
91.55,-0.842232454375322,-6.5657368767283755
97.65,-0.8357058082798258,-6.526083457959862
109.15,-0.8682383992774522,-6.546623168401878
104.15,-0.8525796117568248,-6.562424046075273
72.7,-0.8200024641295854,-6.532695737731816
87.55,-0.843046749245117,-6.529483966425009
101.3,-0.8508939424032944,-6.535110934974476
110.2,-0.8748081705246271,-6.535139822610409
92.2,-0.8359900133442112,-6.5233666609515994
112.3,-0.8457157914853513,-6.54542363645312
117.75,-0.8894855092218554,-6.5599027558896434
114.55,-0.8762163857740333,-6.5660521787113435
114.4,-0.8898373705034601,-6.534045847743944
97.95,-0.8657417922507081,-6.556606252775524
88.25,-0.8530180074567546,-6.553013167480566
80.2,-0.8233476455543306,-6.578869927048244
119.1,-0.8893562717937247,-6.533002566997351
107.25,-0.8817073140680538,-6.551794806761594
90.3,-0.8471590300600228,-6.558964331364647
92.5,-0.8073014967575798,-6.5032951301427655
96.35,-0.8685848169207299,-6.548498641184162
99.1,-0.8696545751381585,-6.564063375468022
102.5,-0.8760116377439072,-6.563746212224092
95.1,-0.8331795316720745,-6.557307714813222
97.15,-0.8463904345888797,-6.528240904566583
108.55,-0.8800696632480601,-6.5388205084555935
109.5,-0.8764115595490318,-6.565555524471773
101.85,-0.8628084245391989,-6.564013445745287
101.45,-0.8472927869296537,-6.582454945769323
88.5,-0.8425888371537411,-6.522136133388481
101.0,-0.858227080805212,-6.518947281303353
100.1,-0.8551861142928967,-6.557798355603097
96.0,-0.8296869744369879,-6.530577910520665
86.4,-0.7908336514929315,-6.51345207394059
86.7,-0.8244846688126207,-6.5384007608194095
94.8,-0.8563142074457455,-6.517328284605108
87.2,-0.8266761301722598,-6.5577378658785275
91.45,-0.8477229409350697,-6.516468231573562
97.0,-0.859532216465689,-6.549596638977922
100.45,-0.8780393245628624,-6.54497579720438
98.65,-0.8651339323842551,-6.535017973637025
90.95,-0.8287893648005698,-6.53270832206987
116.85,-0.8767699551789077,-6.542703615518532
93.35,-0.844519492822924,-6.535307990932163
94.7,-0.8541402740629052,-6.537721110108291
90.8,-0.858961009839564,-6.520674992226897
80.2,-0.7623893589302025,-6.489088728232559
86.95,-0.8377085992002927,-6.510898017982683
100.55,-0.8725768588199511,-6.548278267087246
108.65,-0.8668413713388257,-6.479895749632246
96.95,-0.8675280633461178,-6.549334124347231
100.85,-0.8473544011878852,-6.52859119999008
92.05,-0.8203386031847861,-6.511348522776312
102.75,-0.8512456293403734,-6.51545540132547
93.8,-0.8537065983678642,-6.5105206380097345
95.65,-0.8683776683530381,-6.531739503307195
83.95,-0.8269230453830845,-6.4958961283639365
105.35,-0.847610379531851,-6.474107780187488
107.3,-0.858842999507168,-6.529521778771256
106.8,-0.8811374838255807,-6.522608765091677
96.75,-0.8694562101211663,-6.5384971810292125
112.9,-0.8544720404091762,-6.518076371925858
76.9,-0.7567385205047683,-6.505920898546391
92.9,-0.8491868120465169,-6.506363358039875
82.35,-0.8398361360797729,-6.4855220628956
91.05,-0.8569798483616655,-6.498817080935217
94.0,-0.8449715369104125,-6.511900748839584
96.3,-0.8520644904180023,-6.49024700356741
95.55,-0.8305886961174125,-6.5141412995050585
101.3,-0.8663933023924608,-6.504591573454396
85.65,-0.8223660861272624,-6.4959685669416345
102.7,-0.8595026783053484,-6.521332801450709
105.95,-0.872361404900721,-6.5154381465098465
118.9,-0.8823651432038782,-6.492698592930085
92.1,-0.8640569707509471,-6.494068491808299
106.8,-0.8645594656504304,-6.508235539672247
96.75,-0.808877463512296,-6.509756411819876
90.25,-0.8042774090960796,-6.47190011680825
92.65,-0.8609153419314823,-6.509986417795564
112.4,-0.8763490256443374,-6.509852017052049
98.7,-0.8441909086726032,-6.5339977178244935
98.3,-0.8686751240368631,-6.492451080691413
105.4,-0.8690174843849372,-6.511598747816845
90.6,-0.8564539959307952,-6.52350628047637
97.8,-0.8553724862249016,-6.540660180706124
93.9,-0.8180082838603482,-6.528012561922102
98.15,-0.8576441830825553,-6.518382541899295
86.75,-0.8383169451952778,-6.519289456575118
90.7,-0.8361860835545984,-6.485952607827821
94.85,-0.8611121097706403,-6.477893287950103
104.8,-0.8610712717615691,-6.490143491087723
108.7,-0.869579144478765,-6.5066938484885615
101.15,-0.8496384064698683,-6.520404375590874
93.7,-0.8458206043218786,-6.498904542771788
91.25,-0.8500005150131544,-6.489240088386555
94.35,-0.863784871599208,-6.486830970749105
104.4,-0.8614199456279297,-6.512895720511876
102.85,-0.8572422612965763,-6.498864516525989
110.05,-0.8769227984925262,-6.487022441760972
102.6,-0.8727203048400307,-6.52426188369075
87.6,-0.8301871716548362,-6.537117866451908
93.9,-0.8467334559196743,-6.499990540004991
102.75,-0.8643761665156303,-6.497238198257596
78.8,-0.8229902315807435,-6.491276885807144
95.2,-0.8413566852110316,-6.491816489181107
111.15,-0.8815932057155166,-6.492566633381638
98.25,-0.8639616788742982,-6.4835773241213275
75.85,-0.7859300918120079,-6.486303674910751
86.75,-0.8481861768148766,-6.5138253112898195
101.75,-0.8651210022474359,-6.4867177651671835
104.5,-0.8682836839155792,-6.487129884745293
98.4,-0.8468239442761188,-6.482117789715335
100.85,-0.8722632013363244,-6.496374553721166
100.4,-0.8650232058839661,-6.508071144991353
96.85,-0.8494670110161581,-6.483784608595068
107.85,-0.8394820136089015,-6.4942517743731285
81.65,-0.8159110218618014,-6.4805143564277925
90.95,-0.8561326135940505,-6.502122302135376
110.4,-0.8780691504381476,-6.5005521387016385
91.2,-0.8397272511776146,-6.5091388324162995
92.75,-0.8524635160708172,-6.483786910000046
125.55,-0.8811979742492252,-6.502034401736178
93.2,-0.842247418773493,-6.483300297864936
85.9,-0.8591186580004779,-6.485241302250186
98.75,-0.839035136764022,-6.5077318109109346
90.55,-0.8445427636047755,-6.479563249632609
82.6,-0.8467797533772818,-6.4886958119291815
121.95,-0.8785218993718347,-6.470362968994453
93.65,-0.8379026719284772,-6.481025033712638
107.15,-0.8611180316993712,-6.528458615488317
89.8,-0.855003798877493,-6.4835726861323835
104.6,-0.8695631046049146,-6.477024467982685
94.75,-0.8554986026110487,-6.520280151416598
85.5,-0.832832406886068,-6.513809289442911
92.1,-0.8595461358807187,-6.484100816322533
92.05,-0.8518629099104699,-6.4931474302106675
111.35,-0.8841075539325702,-6.493038528840811
91.9,-0.8483282457836021,-6.4883284256898595
94.4,-0.8599545827415165,-6.5143903126743865
103.15,-0.8669134788266408,-6.499417139126107
80.35,-0.7954248893654354,-6.455059061967693
107.2,-0.8689726977287104,-6.479488349757071
89.95,-0.8509939408951486,-6.491385813064144
92.25,-0.8482776186572997,-6.458852692592036
82.7,-0.8349540820255937,-6.497673103330055
91.2,-0.854549209407159,-6.495906001110747
76.95,-0.8168647125758334,-6.4347589290805685
77.25,-0.8154946132664167,-6.453722726823644
99.55,-0.8487674714286302,-6.46762372382061
99.25,-0.8711882121168795,-6.466726383235951
107.9,-0.8599898095379876,-6.453323753071954
118.35,-0.8801416872076733,-6.4744996602465745
85.7,-0.8215913879263377,-6.478558513930371
94.6,-0.8385438192444449,-6.463425423969473
77.15,-0.818502069910765,-6.436629203336897
97.05,-0.857823149487093,-6.461572799392522
114.35,-0.8776183387818504,-6.478651124885262
85.75,-0.8389980666969015,-6.432004531938394
121.1,-0.8747632898996691,-6.483692962083562
104.5,-0.8502985240481633,-6.483053974797551
116.05,-0.8664072331438698,-6.482697946068076
94.15,-0.8536939201640947,-6.502502459426937
89.45,-0.848740115851671,-6.495181060791308
99.55,-0.8575276612663714,-6.511975924463369
114.45,-0.878012720083986,-6.517699639373234
97.15,-0.8533319945729223,-6.492437198857954
111.65,-0.874074984702123,-6.482138185216636
114.25,-0.8737672588784535,-6.502893755909189
104.95,-0.8645420503053132,-6.495070317108649
90.9,-0.8416660626041264,-6.527920569324818
109.5,-0.8704398877806512,-6.511908580743868
102.45,-0.8776352316268735,-6.504055841932209
107.55,-0.8502705975334276,-6.528640825887122
100.05,-0.8674004856099728,-6.524050906326638
113.65,-0.8846672784242443,-6.5033540374629215
87.35,-0.835847771949951,-6.505574893240551
106.35,-0.8607461572398856,-6.506205896789226
94.95,-0.847709210117104,-6.499146351474726
104.35,-0.879816370330677,-6.5122682113382995
104.95,-0.8704135849977567,-6.513561001969727
95.35,-0.840161959132694,-6.5361864047170455
97.65,-0.8591218758997498,-6.498189823699955
101.7,-0.8793507901175618,-6.495218768544833
95.05,-0.8119498389448745,-6.51236583611049
99.1,-0.8527166344312344,-6.517541697639113
115.45,-0.8851057408284824,-6.528674532561887
97.0,-0.8395608467342279,-6.5239856192125245
119.55,-0.894478978744129,-6.5441291565833595
107.25,-0.8679730395473342,-6.523703507098614
75.0,-0.8180184098158643,-6.498976591750315
94.4,-0.8427687409788994,-6.53939540195672
89.55,-0.8411552957846402,-6.541186208693125
94.15,-0.8500452065358589,-6.535992767038763
105.6,-0.8525592751687847,-6.507875995065438
110.5,-0.883494510151318,-6.523358745735976
81.35,-0.8307389664517715,-6.531118379424276
98.25,-0.8332731003154628,-6.507491325502895
101.3,-0.8654674404332354,-6.51757010447907
92.55,-0.837046462644963,-6.510823016033653
105.3,-0.848468486040953,-6.496501950827337
98.9,-0.8541590186170088,-6.531985251133186
116.5,-0.8724065577971467,-6.513972707843142
125.4,-0.8976872083201076,-6.527632854163857
103.7,-0.8690848869140254,-6.5098194567922745
110.4,-0.8801874220379444,-6.540044924760062
87.35,-0.8545542038894389,-6.524718218192868
106.15,-0.8415552660995745,-6.523320812986985
104.2,-0.8513251672491171,-6.552659103426635
94.3,-0.835550719235707,-6.531253271512837
101.5,-0.8698791838005316,-6.558775626489916
105.25,-0.8279402895608493,-6.543877693538474
104.55,-0.8684207972005084,-6.534705823503548
101.7,-0.8722680552265638,-6.526673889408289
108.15,-0.8630410473720808,-6.520834614732848
109.9,-0.8879927228676145,-6.573810163531322
121.95,-0.8892099630134844,-6.555646806411796
87.95,-0.8424311033250346,-6.542729613070257
106.55,-0.8724458653308279,-6.555944802319812
106.7,-0.86878472577816,-6.559038746356093
92.2,-0.8644819163676191,-6.537632233003697
95.4,-0.8427155242702631,-6.567162474557253
99.85,-0.8458406215174357,-6.547905020394504
96.1,-0.8684371467646894,-6.5786997985852675
75.8,-0.8056699707157258,-6.515091232738337
114.7,-0.8794740817219951,-6.548055047121828
96.05,-0.8624580664449901,-6.536701954053437
98.55,-0.8574156331664801,-6.549156811881943
108.2,-0.8590871408039057,-6.513710259426117
95.75,-0.8550818228473822,-6.554261939712326
101.85,-0.8424340179952925,-6.568682555697864
111.2,-0.8650918955899378,-6.528452975304333
107.9,-0.8871970491671771,-6.555342188418393
99.75,-0.8569625891232407,-6.538938214351425
87.45,-0.846484088023459,-6.566456567882966
88.65,-0.8397737963664417,-6.551910029929033
106.6,-0.8494044076265492,-6.537703328480373
88.75,-0.8373673881724999,-6.552773134482429
105.1,-0.8523121531405851,-6.539802299028996
96.5,-0.8445243480646039,-6.534804164169858
98.1,-0.8331708874404846,-6.547201999119624
97.8,-0.8717700560288026,-6.541625937598551
91.35,-0.8502167590633747,-6.557917523829337
103.1,-0.848430653889768,-6.543024797910752
83.95,-0.8384347762360228,-6.522605665041778
112.75,-0.8771920786991363,-6.579244109479106
86.5,-0.8389409295745981,-6.5367431041502515
93.5,-0.8613071913223314,-6.5327124096615234
103.6,-0.8732173387529365,-6.527671314213647
99.95,-0.8628428433709582,-6.571081621461521
89.95,-0.8322824388900371,-6.531125984059033
110.55,-0.8486680984457792,-6.512670337532573
100.5,-0.8712811782055881,-6.541325694321031
107.1,-0.8809716865184178,-6.552772294391761
104.1,-0.8656440469076964,-6.555390514797773
93.95,-0.8646770935422458,-6.5429012267348075
103.05,-0.8479430039657435,-6.538008944532811
94.35,-0.8322477198541807,-6.54008846995615
84.35,-0.8377383346240176,-6.51147053452622
96.85,-0.8599856760561797,-6.497799578069163
87.2,-0.8444544943189699,-6.537896254390892
113.95,-0.8758348549203804,-6.533622484020607
93.5,-0.8315640408578974,-6.544218834563007
99.2,-0.8626535922092561,-6.548501480636638
90.95,-0.8286506829757899,-6.526946864607195
88.45,-0.8455799980351772,-6.528427951514374
110.2,-0.8846454395522407,-6.544206596529692
123.9,-0.8927511666733418,-6.541527324745973
108.75,-0.8757149466964803,-6.559955779790448
105.3,-0.863912053688313,-6.523960333167784
87.9,-0.8473713544313075,-6.53220608723206
119.8,-0.8550167643810317,-6.559923431314563
104.15,-0.8511638384422412,-6.555155806067243
