201.35,-0.9354853696610764,-0.03310133173340973
205.7,-0.9271129861065956,-0.10555842715166766
206.05,-0.9337465364710733,-0.17088710893226572
198.35,-0.9178692630102964,-0.2430696656634487
171.25,-0.9257526047104523,-0.3176299680302141
164.4,-0.9160777498341037,-0.36327786101423154
151.55,-0.9190490309425821,-0.4304766212899754
157.75,-0.9006411870531222,-0.46785676190841474
180.6,-0.9221243999278441,-0.543878662523424
153.3,-0.9129591055590074,-0.6023542364129773
153.5,-0.9091008727600662,-0.6587014973934481
152.9,-0.9109467194307375,-0.7133970786154535
183.5,-0.9295289344586862,-0.7823883646694121
134.75,-0.8971506363590158,-0.8106707977484847
147.45,-0.9028249635994836,-0.8742282035027926
125.5,-0.8710013601714106,-0.9229964676908177
181.9,-0.9290130946975518,-0.9727532103546299
141.0,-0.8798032541536902,-1.0051621841897513
168.05,-0.9199179749474673,-1.0648609474744894
134.25,-0.871371272201606,-1.1040382844067937
131.25,-0.8804764404672186,-1.174120204323267
169.15,-0.904225357524876,-1.2134599201231402
127.2,-0.8948569226416261,-1.285994775307378
118.95,-0.8848790202020895,-1.2971023814653668
169.3,-0.9141257898990386,-1.352060680502316
139.6,-0.903837487567461,-1.4283470928959106
166.75,-0.9085793452343729,-1.4943134747650817
137.45,-0.9007683155885081,-1.5146294772531017
158.9,-0.9239865396915634,-1.6065604012975796
135.6,-0.9073206181375466,-1.5751862492709834
147.8,-0.8788656376528661,-1.652675447162751
135.3,-0.9044844964361074,-1.6756334995497226
130.35,-0.8847273971411125,-1.7472385218003001
129.15,-0.8875511886401085,-1.8194320224444684
123.85,-0.873780330718354,-1.843800405910173
142.55,-0.8998047189846499,-1.9254714214732185
127.25,-0.9002015854338692,-1.921717411492979
111.35,-0.85927915693866,-1.959431371023225
110.9,-0.8635405032077976,-1.9949405671118168
130.35,-0.8919036486759346,-2.0075400589141728
119.45,-0.8801313956445977,-2.136203430040773
130.9,-0.8876150954852419,-2.1030843476636263
126.35,-0.8882611040788382,-2.210795868526666
107.45,-0.8742663491794544,-2.2983127912207895
108.95,-0.8785037392209963,-2.23026971320923
112.25,-0.8755358012481589,-2.307603487558243
97.7,-0.8325347584909919,-2.252806129308577
88.8,-0.8525651332957953,-2.32867717555276
97.35,-0.8663961859649445,-2.3295928166678985
102.55,-0.8321606524528307,-2.382553146782674
100.7,-0.8659593436886253,-2.374215146393638
121.95,-0.8924023578256826,-2.48438504922594
96.7,-0.8540647453493857,-2.493052314816807
98.85,-0.8566117108730282,-2.588507304126628
102.3,-0.8707461019026947,-2.558808318254404
107.15,-0.8619671972978429,-2.612036442356092
97.65,-0.8706581931691977,-2.6208298096669713
99.1,-0.8550453819023522,-2.7306930930911517
90.15,-0.8594702261661787,-2.6958878424551833
72.9,-0.8107739922881482,-2.66514061250235
88.35,-0.8495496274926435,-2.7177092713003352
93.95,-0.8546507779572068,-2.7581739657358137
102.5,-0.8702918396720621,-2.8770308645928098
98.2,-0.8692730057759421,-2.800248018852945
93.8,-0.8506989983693737,-2.849322826915138
82.15,-0.8214744261183423,-2.886502506556748
91.55,-0.8597590408909342,-2.920621860776481
90.25,-0.8385787422177808,-2.8524903087551463
96.25,-0.8624873811204374,-2.9634292443285135
92.7,-0.8490165828453711,-3.0007034923972062
98.25,-0.8714108892822734,-3.197033147788989
63.55,-0.815601644392873,-3.010761620739403
78.8,-0.8409832966106473,-3.089734989701383
86.85,-0.8444557591937165,-3.1208733936002484
84.75,-0.835284520841524,-3.0757970787446722
63.75,-0.7784023185634268,-3.087444601713922
76.9,-0.8305134725111323,-3.1263956695904724
77.85,-0.8122340629713495,-3.0558847136795153
60.1,-0.7763883737031744,-2.957705014389767
65.4,-0.7918229442751168,-3.2334987304640954
78.3,-0.8237733582898145,-3.047317401018635
82.95,-0.8451635360586133,-3.172112559094228
85.05,-0.8376612461720411,-3.18054655013583
79.5,-0.8287518383730218,-3.2370985167781092
67.45,-0.794904785387697,-3.3392062524510324
65.2,-0.8124688415818504,-3.28698502697389
72.3,-0.8121832536065907,-3.295846935896388
89.5,-0.8424503841659984,-3.2960744934246664
69.45,-0.811236981763628,-3.3464177021396715
66.8,-0.8128766143606804,-3.2953674794771928
60.1,-0.7912841879936158,-3.3073335263301993
74.7,-0.8311181190183057,-3.387637216514791
76.95,-0.8086596164538209,-3.4388300285130997
73.95,-0.8109333145333286,-3.325590074180198
65.4,-0.8041681342563294,-3.3935666495653996
74.6,-0.8059977467604538,-3.4604315615573746
64.75,-0.7924077262727275,-3.515024947461904
64.0,-0.8089154796396386,-3.331270458195951
62.4,-0.784866750211784,-3.1966939681539044
65.6,-0.803383953724753,-3.4259687453980225
61.5,-0.8010159450996308,-3.467164175868563
65.55,-0.7898131545257194,-3.5084996476057633
75.5,-0.829772507854139,-3.5434422065565188
62.65,-0.8138354459660826,-3.53637791000624
69.15,-0.8146362497690882,-3.4567985756058803
64.2,-0.8042227885951453,-3.485915733336251
69.7,-0.8035694927317746,-3.5152807676348
64.2,-0.7928964821299206,-3.468139724030648
67.65,-0.8126684913849598,-3.4931287580155703
59.05,-0.7961066857505428,-3.547025275310596
65.2,-0.7946925015704085,-3.4572744494690837
71.25,-0.8211272641481451,-3.6514094476962233
66.95,-0.763158043409876,-3.4641436529227447
74.4,-0.8284703377173852,-3.764930748330074
69.25,-0.8009330382746137,-3.6754318444216927
59.85,-0.7891655637948809,-3.575074253321882
71.5,-0.7955046236121139,-3.74702851245483
62.7,-0.7763159120406973,-3.5353356325592022
70.35,-0.7898590056814851,-3.67182415267139
68.75,-0.8076683419964492,-3.93077278818265
54.85,-0.7669850298935132,-3.6562642138568195
62.1,-0.788964998568977,-3.7934979454048046
57.3,-0.7861291133368319,-3.8025589084261724
63.05,-0.7819228217837697,-3.807795954483044
61.55,-0.7684549408618615,-3.7643605363505386
66.55,-0.8055140546544015,-3.7896092702171984
62.25,-0.8056607681095678,-3.8164764312562247
73.45,-0.8155242836489585,-3.9045534289537778
52.2,-0.7765042065133528,-3.81950364032913
54.35,-0.7534083349399939,-3.6775382180227405
52.45,-0.7508926188098177,-3.571292636997486
68.05,-0.7921160087743739,-3.820897155118267
61.35,-0.784772586786566,-3.7100545599404304
60.4,-0.7825988145967481,-3.8004777117029227
62.2,-0.7713493596209265,-3.7755733808200795
65.25,-0.791918782162101,-3.8379862301815564
58.8,-0.7873901536051494,-3.6312157259665634
65.2,-0.8003955418919227,-3.710203373889695
56.55,-0.7600883071902406,-3.600818288764077
58.3,-0.7897917346647805,-3.7172102592034384
59.1,-0.7717470016618752,-3.9127489963877764
65.9,-0.8101452445027257,-3.897613225447105
60.9,-0.7823314099891484,-3.826072585960408
58.65,-0.7858305584733318,-3.9067175503289158
65.7,-0.7997232222973275,-3.7638914639922634
62.1,-0.7923947964801044,-3.698449042189263
71.45,-0.8135911471983389,-3.9301346516057323
74.0,-0.8287382942199164,-3.986597022965423
76.1,-0.8096405730243712,-3.9333489391392478
52.6,-0.7635473498812847,-4.048196957229555
64.3,-0.773662943491888,-3.8052250072063947
55.45,-0.7693957394287737,-3.81223242721272
62.3,-0.7653388122304502,-3.9439043481982035
66.5,-0.8181528183908588,-4.108111710791959
67.0,-0.8000934778206522,-4.005686183040116
47.85,-0.7478962693559361,-3.952923739983311
61.8,-0.7844353854510927,-3.8064573145932004
54.95,-0.7451782932647064,-3.8013247529927745
60.4,-0.7989554645370681,-3.961155593095068
54.0,-0.7788314249064903,-3.825749520820085
46.9,-0.7427922541379252,-3.880411146721501
49.05,-0.7596437570597393,-3.9975029451236352
53.2,-0.7695905987918268,-3.9535011262505018
60.2,-0.7958967697780517,-3.9604938655993513
60.5,-0.7901816812925736,-4.079730662677727
62.6,-0.7984529136939226,-4.048709383249525
57.6,-0.7855584701688199,-3.9495389649870978
57.0,-0.771539147735983,-3.8905244324377306
52.1,-0.7627892767685321,-3.781129354842817
63.55,-0.78095954322723,-3.757323565699417
62.3,-0.796102380636273,-4.085909334881519
69.4,-0.811358746132304,-4.1404329926250645
61.6,-0.7868352399933631,-3.9029163175769077
51.75,-0.7705184216635238,-3.9781737656175986
53.3,-0.7468070664329327,-3.9452428895924667
60.05,-0.7798414504287227,-4.132382866324017
64.7,-0.7753233671868948,-4.10071399668278
57.35,-0.7601972710472767,-3.9947659627079886
63.55,-0.7798536254598479,-4.096878667331831
54.8,-0.7624483092098101,-3.975097392370425
57.9,-0.7737318140924447,-4.053253931529739
52.45,-0.7551541751802995,-4.049608353348616
52.25,-0.7619593899937274,-4.1858126489944585
55.05,-0.7574123892496379,-4.1730248629849065
49.4,-0.7532263611156197,-4.075667203617763
56.1,-0.7682284722464872,-4.105207923216425
47.5,-0.7337736624934021,-3.913538694140373
54.4,-0.7651898901099868,-3.890636339171338
52.65,-0.7542338791629332,-3.9004680355988604
54.15,-0.7500844571866794,-3.926298576265709
53.65,-0.7749687405329246,-4.1752100582762885
52.65,-0.7680330427126034,-4.1162245813430305
53.05,-0.735571288572004,-4.01674588493148
59.45,-0.7903491150893227,-4.036970077545297
58.45,-0.7460265579351856,-3.9719621941676784
55.3,-0.7528325275959463,-4.0938289044203255
58.1,-0.7889764014601459,-4.089065005375059
51.45,-0.7518466222832871,-4.126562885153099
58.7,-0.7880556018664872,-4.088721013724672
51.9,-0.7527766765171621,-4.010616657453086
59.35,-0.7804509857842666,-3.968310455053454
57.2,-0.7636553310580869,-4.169984383350547
61.65,-0.7906771858091997,-4.00259992738697
56.3,-0.7671818876403782,-4.096221400367223
65.5,-0.803132437788794,-4.096340528681344
56.65,-0.78794098922684,-4.1730880048349555
53.6,-0.7738031935901423,-4.084268436397169
56.7,-0.778280882763841,-4.119120443367053
57.15,-0.7848607176150144,-4.141048386921693
53.1,-0.7589425791729427,-4.20077339037711
59.05,-0.7487595142495385,-4.000160750168428
64.15,-0.7874490504507038,-4.218010906536784
66.9,-0.7801177503821977,-4.23251790298258
50.75,-0.7599457121353712,-4.172361483220191
53.55,-0.7574443950287779,-4.110461989522471
59.35,-0.7851824673244302,-4.211213834298448
55.5,-0.7835215019725006,-4.096724643326037
54.5,-0.7793519437176106,-4.172005118026009
52.3,-0.760035848291809,-4.146260162729834
49.6,-0.7467699939871125,-4.0475270088137965
55.5,-0.7677963437194766,-3.9645054858077664
58.0,-0.7600861227090938,-4.162329740008131
61.05,-0.7791878284790723,-4.154575501202882
56.95,-0.7706725513545825,-4.193741363228774
57.1,-0.7674837101093815,-3.9773630052696034
52.7,-0.7542380464922703,-4.150588377112561
58.45,-0.789888407647418,-4.152386897070043
53.5,-0.7772204010009284,-4.117765932060529
52.05,-0.7637123845485202,-4.086173714623936
60.55,-0.7920193332043415,-4.151208442612796
56.15,-0.7746744913919366,-4.019857744725156
57.5,-0.7447783349370927,-4.1221040352782605
58.15,-0.7761892438243574,-4.336701514219564
59.6,-0.7888879765453407,-4.089329017867119
57.45,-0.758546700791302,-3.9875292738342787
60.65,-0.7728361714634329,-4.19526441113547
54.1,-0.7594858847401725,-4.105783324878251
48.8,-0.7388432319830609,-4.155414703677816
62.2,-0.7964310814318876,-4.236777921597998
57.0,-0.7541975423119929,-4.155693423557024
57.15,-0.7865220847432367,-4.101032512940833
51.9,-0.7452752548794078,-4.023567491589036
58.4,-0.7781588275832013,-4.291238234519211
55.0,-0.7594743046566104,-4.137336122917449
62.0,-0.7950283799862465,-4.061576412834997
59.2,-0.7669760077402882,-4.1123008161840975
58.7,-0.7791159139358296,-4.261011256116606
58.05,-0.775757206464978,-4.179611850145674
56.5,-0.7323375437963258,-3.9733931800627005
61.4,-0.7870616597782484,-4.301782650944924
56.05,-0.7750164850866192,-4.05478836876947
60.25,-0.7835593105764226,-4.18419515773847
61.6,-0.7918978235295067,-4.250978753776997
62.35,-0.7876402424654301,-4.328765043166501
70.9,-0.7833350701900834,-4.061126559726122
60.2,-0.7979369539296857,-4.207240774816723
59.7,-0.7831420991237229,-4.270533672340239
57.15,-0.7773465918197212,-4.267197003186933
47.65,-0.7246135851204102,-4.0399623050876325
48.25,-0.7381784379003214,-4.197502782680125
54.2,-0.7683654139905007,-4.112337545366792
54.25,-0.7623839351862739,-4.192324242230362
58.8,-0.7752255589135493,-4.282644031476038
66.55,-0.8010845859726772,-4.199940642315368
60.55,-0.7949204493583596,-4.208675173221303
48.15,-0.7242954143910935,-4.174936239113132
56.9,-0.7624390809962829,-4.2255347605686255
59.3,-0.765268523582253,-4.147406854701966
57.2,-0.7886838489626354,-4.283959394956651
65.5,-0.7697822738511216,-4.527464283604058
62.1,-0.7862100127404477,-4.3418706449307285
56.2,-0.7724349873088181,-4.181561353626168
69.05,-0.8095579743472439,-4.309480666908859
65.25,-0.7911639775679447,-4.291190887765976
71.1,-0.8024570500978353,-4.536424905619468
63.85,-0.8116197794538607,-4.46282077851494
63.4,-0.7883037562443265,-4.362137126864778
53.85,-0.778434669424906,-4.425380494116238
50.9,-0.7585918167138707,-4.338368690962349
62.9,-0.7966557422998427,-4.319286056524151
62.15,-0.7892186323601156,-4.418357867661485
60.6,-0.7907180186502176,-4.367818538755628
59.7,-0.796753950356553,-4.253503181550299
70.85,-0.8186084129450142,-4.445110739825336
55.3,-0.77671832864529,-4.5338841176871885
54.85,-0.7812020301634474,-4.4376720226130075
59.35,-0.7772949787668837,-4.375959036638987
52.75,-0.7704879404708884,-4.519707835583328
56.15,-0.7640930378820493,-4.422321067761791
49.0,-0.7400047060407027,-4.26626039218551
51.0,-0.7512299532763425,-4.289634500981495
60.45,-0.7754597151300175,-4.5207380788938645
55.1,-0.7635266671327037,-4.465264414377732
69.55,-0.8176398659914945,-4.240747240919575
63.6,-0.8068745513942511,-4.481291947598014
61.0,-0.8029341985756175,-4.407776397808193
67.75,-0.8038893770987443,-4.60375821847723
66.9,-0.8140911198858619,-4.433518620796455
68.8,-0.8028450829677762,-4.435651170165942
40.85,-0.699104378855545,-4.451884681306918
67.3,-0.8038424931421722,-4.546096207535174
59.2,-0.7865839882852315,-4.3069371328617505
64.5,-0.8021380954083959,-4.601066866264611
60.6,-0.7822437406406294,-4.335713438582497
59.75,-0.7762754661428372,-4.284107166344792
55.8,-0.7809636943087976,-4.415886624684321
72.0,-0.7845098009907712,-4.649823716026183
60.45,-0.7693598648541435,-4.483276349053373
58.8,-0.7827292450927433,-4.432301426900574
60.35,-0.784088325139719,-4.448175878437821
78.35,-0.8173051825025877,-4.337463853254212
67.4,-0.7974526925422195,-4.433135703805513
58.2,-0.7895985963039374,-4.459577292402417
64.7,-0.7920304889917471,-4.524513866866688
64.4,-0.7913610660004896,-4.525725834638231
61.75,-0.7841083155695834,-4.284706569683622
58.35,-0.781593356122928,-4.499827192503799
57.15,-0.7757899797739014,-4.446058091689371
57.7,-0.7217036774270669,-4.3088084760494105
62.2,-0.7385412493832467,-4.314720585980194
53.85,-0.7640462370977377,-4.39677513572399
56.05,-0.752500512436649,-4.44848424985459
60.9,-0.7840279728517927,-4.47412856389993
65.75,-0.8046893016820309,-4.516587722183379
56.05,-0.7366586095600486,-4.355717081679004
60.65,-0.7979997503952229,-4.423738484316026
58.75,-0.7923537754549825,-4.419003127136456
63.3,-0.7893323754033732,-4.47279043193457
53.05,-0.7138937348468058,-4.383553750775237
56.15,-0.7637575258818472,-4.437118491240968
74.1,-0.8001951751908329,-4.514409960565928
57.85,-0.779624036951402,-4.584741875636533
59.9,-0.7744871882363883,-4.455929986368216
49.9,-0.7568731193681512,-4.731734432554337
67.9,-0.806798738746374,-4.535021081885036
60.15,-0.7972919280253832,-4.39246736535144
60.1,-0.7903229831966493,-4.521796794299689
57.0,-0.7683542751277569,-4.453708615516179
63.0,-0.7943762160347029,-4.3215057505670575
60.7,-0.7637321366062586,-4.452367754845312
54.3,-0.7547364239531574,-4.458667801638706
63.0,-0.7530990161018704,-4.361472597133426
61.1,-0.8032251308347875,-4.490818222990824
62.85,-0.7830806596634883,-4.39984090198171
61.6,-0.7830540245278759,-4.663141112841169
62.45,-0.787472776489129,-4.5090901367694975
60.95,-0.7814274077574305,-4.604335248755792
59.95,-0.7807475372381474,-4.442547344760129
61.2,-0.7672253992374243,-4.169373171084004
56.35,-0.7523691965081859,-4.19614197075825
66.1,-0.803229315723471,-4.546308248845517
51.7,-0.7590159282958965,-4.62255457177996
56.15,-0.7691258360026155,-4.641898765433515
69.9,-0.7947688555837862,-4.429959123301549
55.75,-0.7407196030145151,-4.367397832783235
71.4,-0.8205514759644196,-4.7161374623318855
59.9,-0.7814581683029179,-4.503909878939375
67.3,-0.7831834112874105,-4.633664821417183
67.05,-0.7828215290203111,-4.65289733028828
57.8,-0.7853889623578842,-4.577345767189493
66.45,-0.8086985929617543,-4.501745445254192
61.0,-0.7856429480939696,-4.445726070341843
59.55,-0.7869191972774431,-4.627374785849501
61.25,-0.794613916255072,-4.608663788711154
52.3,-0.7475283666129937,-4.163379099665792
64.9,-0.7644073623428624,-4.547965361688474
52.3,-0.7708433792078645,-4.530812377796237
53.8,-0.7653836077598294,-4.553123468649287
56.35,-0.7158624980092372,-4.48560168032485
50.95,-0.7383633094592909,-4.437699803421244
57.85,-0.7654463494619188,-4.74460599347447
56.9,-0.7764762450747642,-4.535166318372554
71.4,-0.7895602807354347,-4.506534382361773
57.85,-0.767541902701214,-4.47203396591465
63.0,-0.7873328917147281,-4.560424668759511
60.95,-0.7904504942402251,-4.680865646239882
63.65,-0.7885131579731024,-4.477638677968203
65.75,-0.8005892852748062,-4.389458746814633
54.55,-0.7846573660740399,-4.3353161133777345
65.85,-0.8051888208714809,-4.6329174062839
69.1,-0.7923867751886825,-4.426002910817363
57.7,-0.7699759889111588,-4.315373266313136
57.85,-0.776546990356294,-4.319656992595874
57.15,-0.773382567966552,-4.655039025085446
55.35,-0.7635641020355557,-4.431021896239846
57.15,-0.7465343088329961,-4.214411871988699
57.2,-0.7833775350558114,-4.481656590253494
67.1,-0.8069690049948951,-4.550994287019551
65.5,-0.7939534110343962,-4.611371898886246
63.6,-0.7994531894331687,-4.367825437022006
65.1,-0.7781638638981871,-4.390769711545967
59.6,-0.7537345239771416,-4.361769726208521
54.45,-0.7503643477874182,-4.3836217223595435
62.9,-0.7228569914189528,-4.501103667389664
60.15,-0.7891828804438029,-4.675044251923796
76.65,-0.8038473844898858,-4.667459925496219
52.75,-0.7732902118700562,-4.620177743565227
60.95,-0.7622737565234262,-4.659687748804981
73.1,-0.7980713695347512,-4.473787563077652
62.0,-0.768852765776663,-4.437331211918713
67.4,-0.7986941125253068,-4.596544207983106
64.8,-0.803371224611781,-4.561477481984382
74.05,-0.80934003773886,-4.478926638186838
61.6,-0.7940428307594627,-4.62526770474137
59.4,-0.7690298675809688,-4.5599674866350535
63.25,-0.7806295631139483,-4.511916440667917
60.7,-0.7900709928151973,-4.549301863675944
75.75,-0.8248999873613767,-4.565927776369362
56.2,-0.7854955737434357,-4.673184285250377
68.05,-0.7925496927253011,-4.589121265738725
68.7,-0.8064526667111644,-4.373162136177042
50.3,-0.7367884985801718,-4.594061898890968
46.65,-0.7393277020327089,-4.443483000394915
51.65,-0.7589044172020405,-4.588214432370443
64.75,-0.7669882021053944,-4.819865918280438
57.3,-0.7792702748639695,-4.637853844201425
77.0,-0.8090057501271619,-4.609676590489817
60.05,-0.7843136318727545,-4.7684476525292245
72.15,-0.8184039984720586,-4.3703317177951035
65.2,-0.8098571194049319,-4.744577606791576
75.7,-0.8196183577432054,-4.582419152445171
51.25,-0.7525167789654058,-4.438145221547922
60.5,-0.7940570727811467,-4.715800203675445
57.4,-0.7775859009120654,-4.628787933899284
60.4,-0.7826557992181039,-4.724177251236373
63.85,-0.7978405606865315,-4.754315342451513
53.65,-0.7633982493517601,-4.637801138925225
56.3,-0.7559182689061312,-4.837637472548005
57.0,-0.7819430911161424,-4.772424448557549
71.0,-0.7925691468892472,-4.651896625795553
66.25,-0.7955996718870211,-4.654282101502661
70.5,-0.8358872492586024,-4.505858443904005
63.65,-0.7750506076402259,-4.654083478190811
66.25,-0.8114867299865928,-4.74632754001328
54.2,-0.7792770286191908,-4.7171018751146105
62.9,-0.7875757689321576,-4.626722184623334
54.2,-0.7347001335212858,-4.558020339945634
62.9,-0.7857601801848055,-4.5720161530726084
60.55,-0.7832924463504577,-4.669866236989526
70.7,-0.8087642831195829,-4.693480518289501
67.85,-0.7879323778734814,-4.685579778230756
57.75,-0.7776095436882254,-4.593228242113666
64.85,-0.8043361714189446,-4.705421394419011
68.25,-0.8059125351659219,-4.559459570413826
56.2,-0.764920456048761,-4.683467299255741
59.3,-0.7973428425620617,-4.5142686597037605
53.3,-0.7668930560270273,-4.5954276663743325
65.3,-0.8029197957506314,-4.695147089230867
54.45,-0.7625212724028383,-4.611150318025638
51.05,-0.7494852087183077,-4.731574417111114
57.0,-0.774467108312166,-4.575119192650846
57.7,-0.7844149247833356,-4.54619937520456
72.35,-0.8156081434860282,-4.65752123514665
63.2,-0.7904340780625287,-4.47070220332745
63.85,-0.8043898066823806,-4.580785721592859
57.65,-0.7763074297441879,-4.479714941326202
52.9,-0.7501934700405182,-4.325538011784419
62.8,-0.780370061729275,-4.529230229704049
65.9,-0.805500144517287,-4.537046121874459
64.0,-0.799472995507881,-4.666870921090725
57.05,-0.777766231155937,-4.420093858666303
72.0,-0.7985777611918656,-4.520892328097493
57.55,-0.7708192528029405,-4.497854841298823
54.75,-0.7791538997983449,-4.553229917477012
61.05,-0.7811100788265428,-4.656798087596991
61.35,-0.8021989708835653,-4.545952241378506
63.45,-0.7743903932931249,-4.442283950202177
60.0,-0.7692968265709454,-4.509957909618577
53.85,-0.7711998205557834,-4.5957216212275025
54.85,-0.7577696184051745,-4.504894179377414
66.95,-0.7770734712912317,-4.474517584959848
77.45,-0.8079360479487541,-4.554378433982015
60.9,-0.7833766041660565,-4.746520991465862
64.55,-0.7873253105608634,-4.649860612334659
72.35,-0.7990933392047987,-4.487721784472732
63.95,-0.7949255852936792,-4.6709330164767255
52.05,-0.7420514994203395,-4.558901093561216
60.45,-0.7840410085500582,-4.626663694915772
66.75,-0.8040308464085364,-4.848176665025612
64.85,-0.7993125637726488,-4.90888345273841
53.45,-0.7776437156091767,-4.709697986253705
57.8,-0.7721188447352227,-4.551735492436029
67.4,-0.8058510637023767,-4.611596954517052
75.3,-0.8052496344393184,-4.71647115132552
69.0,-0.7941566908679196,-4.561732292106811
56.25,-0.7612503857351423,-4.495221756334974
82.6,-0.8146123322720552,-4.692339006552606
52.95,-0.7434121839072159,-4.522135356425304
58.35,-0.7837082185997788,-4.668540030820324
54.4,-0.7804507933804719,-4.607352664259996
67.2,-0.8034637136462826,-4.773194735855716
62.55,-0.7860668563087451,-4.580514328029766
58.9,-0.7622931179830719,-4.563799850895374
66.05,-0.7974773524090767,-4.606519648444551
68.4,-0.823900906586603,-4.875248226010073
51.0,-0.7582526214387295,-4.706892562550619
61.1,-0.7788134935190936,-4.773867991989817
65.0,-0.7708495248992545,-4.744551155133226
67.95,-0.7991971440854289,-4.639566267399142
60.25,-0.7816543397752479,-4.608557317550608
58.55,-0.7473268971145043,-4.572727603803805
66.65,-0.7814628873584912,-4.728839542070888
57.05,-0.7785627071989417,-4.566229000154438
65.4,-0.8101977740725899,-4.703707409595653
55.35,-0.7528903902961578,-4.6096827919876295
63.55,-0.781581092181441,-4.613686852295296
53.1,-0.7697704804014955,-4.62935985745358
70.15,-0.8199352891027948,-4.559932314915157
68.3,-0.79920004802975,-4.583323101165538
59.4,-0.7954522201227567,-4.658074590478558
72.15,-0.8016958553693561,-4.577782155709872
55.1,-0.7715751232497402,-4.733807820905589
54.15,-0.7825490410539526,-4.641131938551647
56.45,-0.7530910755277201,-4.509961788252613
57.3,-0.7667421788813542,-4.534876243710967
68.95,-0.8040635509861136,-4.811405056943561
58.7,-0.7764549718519691,-4.624793638226668
70.85,-0.8246783608330382,-4.800430141960924
64.4,-0.7985180635885084,-4.646267830765765
59.9,-0.7751552475451648,-4.714275180480847
57.5,-0.7684975223742189,-4.804352029739105
55.8,-0.7558955227230728,-4.747431666624359
64.55,-0.8021132043706952,-4.7707149771506305
57.7,-0.7731029231531514,-4.610301932021759
55.6,-0.7457613568148946,-4.57286116405019
55.7,-0.7710040338751526,-4.609790480377782
64.3,-0.7554767545154036,-4.5607292522645855
57.9,-0.7721412974881952,-4.581575982403239
54.15,-0.7611487482337091,-4.4952339862312165
65.0,-0.8031749951331175,-4.766850558970563
66.25,-0.7848243708100852,-4.446244979031485
64.05,-0.7908231299033663,-4.699233580027065
64.05,-0.7841504473613435,-4.6107573769308745
69.35,-0.8032182205039072,-4.577974565404451
57.05,-0.7868629089058162,-4.4794318172183765
58.75,-0.7793006995786319,-4.672374189013387
53.45,-0.769822062152495,-4.519666168482169
62.45,-0.7896422087547994,-4.703818280844886
58.05,-0.7691936761863343,-4.7507734627013205
68.25,-0.7698819475518361,-4.504776961688368
47.4,-0.7003987226107149,-4.6164726217723455
52.85,-0.7680632581642456,-4.777299191223539
59.55,-0.7924375214012058,-4.5865445057821805
61.75,-0.7841932569978243,-4.642176281066659
63.45,-0.797236557124245,-4.525014522041729
61.05,-0.7874925796565129,-4.774137888215263
66.35,-0.8074292921466151,-4.520087085712912
62.4,-0.7927998827502181,-4.688220508131208
57.35,-0.7436520273520709,-4.538509710623435
68.85,-0.8108638760410745,-4.44258845496033
61.75,-0.7921718284357976,-4.6947442999126405
50.85,-0.7338861228527498,-4.586992993670912
70.45,-0.801649746476279,-4.500578649507568
63.45,-0.7654312914921935,-4.665348043976247
68.0,-0.7958679773175785,-4.734782682521578
63.8,-0.7988884072966068,-4.662566275695967
54.5,-0.7749506890988198,-4.639989879244627
59.0,-0.7827193275534453,-4.746519617243948
62.45,-0.7895245872899557,-4.603032640761213
58.7,-0.7838715058653434,-4.569851957033042
59.7,-0.7637525431260974,-4.461819250328149
75.35,-0.8075645665746063,-4.6564165680854925
60.65,-0.7822812151470571,-4.777828398842411
83.55,-0.8380567170487314,-4.6092259434976155
63.45,-0.7913555591178097,-4.709686909031453
58.1,-0.7807496382753667,-4.5644053057634375
50.8,-0.7343784267018958,-4.6606350968381305
73.85,-0.7807446431490622,-4.59785049392859
58.55,-0.792934309814738,-4.6817571011880865
76.9,-0.7782936910661749,-4.460061661601942
56.2,-0.7474656233918158,-4.582282845295056
62.0,-0.7969263278317359,-4.811114784367076
65.35,-0.7937442780556847,-4.6279748093846935
61.25,-0.7836109132839064,-4.53385320693372
56.6,-0.7801395486958784,-4.804451872940327
56.8,-0.7792142382062723,-4.561783180739651
63.15,-0.7836387404631225,-4.429132565395147
64.5,-0.7865260318008348,-4.744816353356859
82.3,-0.8347079561747298,-4.746049779327314
66.2,-0.7777833319595118,-4.530928608310612
58.6,-0.7675547389680472,-4.655078185814641
61.0,-0.7831621689876291,-4.814547600031096
51.25,-0.7449184953372604,-4.566099568641415
48.95,-0.7386185771876742,-4.792383830209866
68.6,-0.7974386156622042,-4.804952987997124
59.15,-0.788207708205228,-4.808294392156102
61.4,-0.7864536776126149,-4.7142734654986445
61.3,-0.7767201533701582,-4.487801234748828
68.8,-0.7807548738940636,-4.678800915692087
58.1,-0.7831293173309499,-4.696951273423211
67.15,-0.7911555470880882,-4.705416263899471
54.9,-0.7603308504655526,-4.593887404016779
67.65,-0.7805451928340348,-4.7548872446785495
56.4,-0.7633785539050225,-4.667585865720959
70.2,-0.8077741914834071,-4.805537409179832
67.5,-0.7812274254942995,-4.704078021280114
68.65,-0.7973207813549876,-4.792348762279594
54.05,-0.761322527757939,-4.696564528866635
56.95,-0.7814054363234645,-4.721238372895473
64.6,-0.8079671499083734,-4.765419936928211
54.95,-0.7353386818350891,-4.722000864436966
42.9,-0.6971334033042476,-4.752409399369522
59.0,-0.7710019452634482,-4.729146955027044
64.7,-0.7790801570233822,-4.654615648416505
63.65,-0.7932675314497682,-4.674935009978411
56.2,-0.7566101787470787,-4.468522007671028
55.65,-0.7819773195420321,-4.852496518771899
51.3,-0.7410421274860642,-4.456004778367898
61.35,-0.7878657075122211,-4.669087515605575
43.55,-0.7199112338082083,-4.48009334562365
50.05,-0.7303777844664293,-4.720861825414305
50.7,-0.7407556940618876,-4.655858693069751
50.3,-0.7396532737127277,-4.263212047636088
64.8,-0.7853695588902136,-4.488447571105542
60.75,-0.7860360637024383,-4.615889650131051
66.7,-0.8058168335915823,-4.5721094447985156
60.1,-0.7831426018881917,-4.717813936302172
59.1,-0.7705022471476355,-4.6117455827380445
53.65,-0.7333285954097924,-4.385247012483222
55.7,-0.7700496430082355,-4.545235687251319
56.6,-0.771497230721881,-4.640822753664195
56.7,-0.7718295135873691,-4.63507992037831
65.3,-0.7937329541777376,-4.654191036341417
64.5,-0.7901487543609423,-4.647138755304737
63.35,-0.7878978983209017,-4.57141963313589
53.75,-0.7510897507021521,-4.178345138910068
58.3,-0.7789360582539875,-4.710821738712646
89.2,-0.8018800775222152,-4.621797847280533
58.55,-0.7669399815818868,-4.360188795837845
50.5,-0.7456032320300017,-4.591678826039251
56.7,-0.768625026579349,-4.530297024999717
56.1,-0.7613149255209729,-4.253634733645393
54.15,-0.753463681342226,-4.663096733266478
56.85,-0.7635976515627885,-4.430455769012347
72.5,-0.798466645514873,-4.5301288704623275
51.65,-0.7550410114729044,-4.868464823184011
55.1,-0.7461164915327037,-4.611989217842348
59.25,-0.760472116033742,-4.533512154306178
60.25,-0.772518253199437,-4.466903168910092
63.35,-0.7779401727199069,-4.686958539676257
63.85,-0.7830024407598272,-4.708503490797393
70.55,-0.81653232192477,-4.651655593606784
65.6,-0.7874101809686781,-4.659957695572031
69.85,-0.796644796363786,-4.582554062882749
71.1,-0.7868502139603086,-4.506213580239248
76.15,-0.8217827410732449,-4.82158518663189
71.35,-0.7896208571779898,-4.613701734131062
66.4,-0.800856424902946,-4.475674864295761
50.8,-0.751640658475225,-4.724596471303117
59.7,-0.7885158315070391,-4.660712931639738
53.05,-0.7709568565864281,-4.6514876370464355
58.2,-0.7722268308744176,-4.545298595627878
67.75,-0.8024149325972478,-4.785716745883173
60.5,-0.7519434309615217,-4.663220117700019
61.65,-0.7776199002278161,-4.537540974118702
67.3,-0.8073860553332353,-4.596816316682777
59.05,-0.776894835325485,-4.489257077546438
78.85,-0.805019497875316,-4.5811620716640435
68.2,-0.7596532668456946,-4.684575160271601
71.6,-0.7785774012630295,-4.8299784129201235
76.85,-0.8194209675618287,-4.502318512806095
53.8,-0.7460125890905804,-4.6435085469533535
74.8,-0.8270473313816117,-4.864327048049353
61.25,-0.7826666352713072,-4.73349931617872
62.15,-0.7943010519912208,-4.81023234555824
56.85,-0.7709319755381125,-4.681761691216943
63.25,-0.7700772134530335,-4.739103173808003
59.75,-0.751329227283936,-4.7462576080037655
66.3,-0.779489787211356,-4.810021305899317
64.55,-0.8099822398443844,-4.778162542750884
66.2,-0.7635475240105666,-4.719006012381193
60.95,-0.7471968556684446,-4.688081896730653
60.25,-0.7541092948084183,-4.5642028693188035
68.0,-0.7974323326996069,-4.8724474972008585
58.55,-0.7610960109261939,-4.762563664950069
53.95,-0.7762885839439975,-4.611758632930467
59.25,-0.7854702018205972,-4.702316683788341
66.8,-0.7582404728175435,-4.764262289617036
60.3,-0.762804905944648,-4.625266833775131
56.2,-0.7697412629060644,-4.721064156789071
56.45,-0.7799969991829943,-4.866430768019536
58.6,-0.7599164352695704,-4.94206221955119
60.9,-0.7819361807162785,-4.650953120252282
57.3,-0.7471151644128653,-4.566743027086599
61.35,-0.7866178598702817,-4.766437836033799
56.2,-0.7568460901483236,-4.612404401618057
60.0,-0.7767921955307902,-4.610129227207669
56.9,-0.7678464656648795,-4.764973783103629
75.85,-0.791164551238517,-4.834233971236923
56.8,-0.7814953472720335,-4.726239059833661
66.65,-0.796775212079356,-4.769453940148462
60.35,-0.7834084226658872,-4.604000175271631
60.05,-0.7886187367552785,-4.676801867483515
62.7,-0.7864510333956075,-4.709918328985067
74.2,-0.8124792330703364,-4.894199927562395
56.8,-0.7678426206671671,-4.66244684783419
59.85,-0.7729757541929103,-4.648002569435379
61.35,-0.7779886368937726,-4.766370486348138
67.0,-0.8119555419958596,-4.686340985027168
54.95,-0.7406893151734464,-4.869787561848047
58.95,-0.7407682662070042,-4.822123963384418
56.0,-0.7688638396873013,-4.89188001916966
64.85,-0.7912634825099911,-4.817836626921682
71.5,-0.7887038842299465,-4.831073067221982
66.95,-0.7767511128167904,-4.658117774021694
64.2,-0.7966212201481535,-4.694992325951424
50.75,-0.7415529145692454,-4.700987557837175
64.35,-0.7980239656164775,-4.684212966820942
60.35,-0.7717192096959591,-4.581523466923433
56.95,-0.771266156412768,-4.744566394740735
66.6,-0.7985628568729877,-4.5755517529457475
60.4,-0.7801245905645053,-4.743963299629956
59.25,-0.7791035401544575,-4.744512871508918
70.9,-0.7909938596406628,-4.513003298510608
75.3,-0.8090187544901649,-4.7165616206925645
62.8,-0.8109290278389448,-4.922929927433474
50.75,-0.7336789831367132,-4.8585391569291705
64.4,-0.7734318455224444,-4.496803793891322
73.3,-0.775244994673953,-4.663668699857152
71.0,-0.7827330631948002,-4.858384660392174
60.35,-0.7819198861564709,-4.722830584071076
63.75,-0.7485239351411368,-4.581478445981125
61.3,-0.7881983886323181,-4.746303907250207
65.9,-0.7978114741230298,-4.567909362998824
65.35,-0.7726578020835848,-4.626287185836921
60.7,-0.7745532018181549,-4.59654281131684
61.2,-0.7813952594729254,-4.781113970076211
60.7,-0.7610659535467443,-4.858710352257456
69.2,-0.7957263947207447,-4.6364841389040565
68.35,-0.8074744635012163,-4.723105411339804
57.6,-0.7419178243522392,-4.721549295425429
53.35,-0.7412593805755442,-4.767608894082345
49.75,-0.7359828973140286,-4.4765040775205325
60.4,-0.7764490995929698,-4.477335397471505
57.0,-0.7556016541388632,-4.747174148787174
62.4,-0.793952056668142,-4.675822437544218
58.3,-0.7472861593040131,-4.685993831479742
53.6,-0.7639072580350992,-4.7060194875653005
61.05,-0.7848792069953391,-4.694414240854164
55.85,-0.7580977475630872,-4.303646397770105
54.8,-0.7441845050992963,-4.933211249324733
51.7,-0.7597781636434475,-4.7148951636010175
55.7,-0.7207722875659319,-4.534973514583136
57.35,-0.7662131924639348,-4.825297528050048
51.25,-0.7380702908148223,-4.718513879106179
61.1,-0.747436194207016,-4.566215955780766
68.2,-0.8028487483150002,-4.8070820103396406
64.5,-0.7794540308352603,-4.8344260233637755
52.0,-0.7657500094422374,-4.531574090443678
52.8,-0.7523707293165582,-4.767220495183915
53.3,-0.738257389019356,-4.6219314402449605
43.35,-0.7019005127212489,-4.548050975966649
56.1,-0.7806134918093276,-4.754598396434455
48.0,-0.712229049684983,-4.673034463011337
62.2,-0.7769777042698807,-4.625450564155062
54.95,-0.7541822589273895,-4.500327689498957
67.55,-0.7979133324221015,-4.862004786051955
57.35,-0.7781258412854364,-4.627544956265242
68.55,-0.7829827637003395,-4.577688316906231
61.45,-0.7676867397425464,-4.353488318221412
51.55,-0.7520477296909694,-4.568928089965606
68.8,-0.7679602309384517,-4.751119699645044
74.5,-0.8137098865472863,-4.829795115566558
67.7,-0.8095224641180561,-4.77584994864139
70.2,-0.7838599753037243,-4.7711364711138
61.1,-0.8030525444805315,-4.827120928004303
62.35,-0.7811796081474605,-4.463789210185289
61.25,-0.7916117832030628,-4.8250544032503715
67.55,-0.8059372792521333,-4.727480314396109
51.25,-0.7510248245878178,-4.748299498736801
72.75,-0.7990360796139477,-4.631556575582641
67.35,-0.7878283719222672,-4.558179023880412
74.5,-0.8149206005624496,-4.889197751217299
50.55,-0.741443733048331,-4.800627898517613
57.0,-0.7824899292382878,-4.918773015936696
59.0,-0.7349586921157908,-4.623027187042685
55.5,-0.7618047782410651,-4.742914763033379
49.75,-0.7375205774007019,-4.640970774882342
63.3,-0.7886279549299833,-4.943366960208181
56.45,-0.7493239205222422,-4.643789805842003
53.1,-0.749452348819745,-4.722530464514749
59.25,-0.7662416699032941,-4.598114090998744
61.15,-0.7773437252997819,-4.914825891651366
65.85,-0.7869969086441051,-4.793233151452735
52.0,-0.7256400452351545,-4.5660967916263475
58.0,-0.7263231403815892,-4.599908821121258
56.75,-0.7563113871375184,-4.690524172654744
61.4,-0.7875211391963186,-4.610506991876209
53.5,-0.7642711226601763,-4.529919253270703
71.35,-0.8008914702460096,-4.630224736214865
51.1,-0.7440434801940736,-4.656560098714445
72.25,-0.8183379431435451,-4.810845509472257
66.25,-0.7789404148839709,-4.515014398396746
60.8,-0.7652381250076257,-4.638118313213107
58.2,-0.7744201376494425,-4.828911658098052
58.2,-0.7557864891347789,-4.529658271341022
61.75,-0.7805754273732795,-4.798036536580334
73.5,-0.8085820290444052,-4.544244169063525
62.15,-0.7884663509667977,-4.665111031931138
55.3,-0.7623790404339947,-4.696548559751935
63.05,-0.8003334199236329,-4.641989098793069
59.4,-0.7759933098756837,-4.697361543389148
60.45,-0.7493444609240137,-4.889700842864917
55.5,-0.7724063053470425,-4.665156408757487
59.95,-0.7669319176635374,-4.739320122538186
66.9,-0.7854955301674795,-4.747965515842559
51.25,-0.7599778887746602,-4.6195766327480525
55.4,-0.7715215506772746,-4.632757916070217
57.8,-0.7862543968124758,-4.639409419812708
59.05,-0.7669820171483906,-4.835420482022399
62.8,-0.7967848488656503,-4.747415311768081
56.45,-0.7808729362235736,-4.550185450732035
65.0,-0.7764842332830372,-4.661250017613929
63.5,-0.7825584416678887,-4.786733482876369
60.6,-0.7531989507940852,-4.753603492026661
62.25,-0.7928959345120079,-4.860389914366527
55.85,-0.7592055823299614,-4.562471888151318
67.85,-0.7971898002791409,-4.750489597879463
54.85,-0.7576120443968163,-4.772016949462145
61.45,-0.7812541122567531,-4.89726116426346
52.9,-0.7658681405388398,-4.673132493842326
69.1,-0.796355457391771,-4.624137002175509
69.45,-0.7995718728874209,-4.491052569913835
55.7,-0.77543914327591,-4.804869343898362
57.9,-0.7889545159252223,-4.782348840674095
70.55,-0.8058841999421624,-4.834084314551197
58.55,-0.7818032427965104,-4.926276625817584
52.15,-0.7431552906733736,-4.834081109198097
72.85,-0.8240867872403937,-4.878494703998972
59.15,-0.760732748291615,-4.736105569109419
61.35,-0.7740768970404959,-4.623566417264248
62.95,-0.7593721750050274,-4.598093862444762
67.4,-0.8030530531437499,-4.8102969871834285
56.8,-0.7600903625766183,-4.739503136777806
55.5,-0.7624029209737057,-4.729106149484408
51.25,-0.7660754899208214,-4.640803344608111
57.7,-0.7811995634899294,-4.55945302667359
52.85,-0.7636687315258198,-4.751183506711002
53.25,-0.7577164114653455,-4.802692263138959
63.05,-0.7770377803000319,-4.702639690498991
64.1,-0.7767385685128291,-4.521057608199876
56.15,-0.7588107846428012,-4.7209216561787715
55.35,-0.7565331843089985,-4.60814360912393
51.65,-0.7613738515720568,-4.687088846506523
54.6,-0.7379619784778823,-4.5423996484961355
52.9,-0.7519787177723389,-4.671713676974717
72.6,-0.8111373338019611,-4.884017697047339
52.2,-0.7655009355249057,-4.627152336329804
61.05,-0.7696304209147138,-4.589715114711377
67.5,-0.8012362702107708,-4.675333431366766
60.25,-0.7767500175748583,-4.647017379183404
61.45,-0.7875688718048182,-4.7687563073471
57.55,-0.750949060226875,-4.591028557949922
59.2,-0.7530096422299115,-4.749537941511688
61.15,-0.7309981300624231,-4.715901448112041
58.9,-0.7704854853556053,-4.729197324895057
56.35,-0.7331356666534885,-4.581715543351459
48.75,-0.7306591807896468,-4.692564307458669
47.85,-0.7035235754804823,-4.4991091080453325
77.8,-0.8048856346048711,-4.7055860489959676
56.9,-0.7411227128764901,-4.7541380556565205
60.65,-0.7715755056423028,-4.744592770844851
63.85,-0.7912560363503113,-4.800141440989971
52.55,-0.7623347163251875,-4.762988431525491
59.45,-0.7831062825108266,-4.789074813530644
69.7,-0.7614554680155796,-4.710671724095014
52.1,-0.7438760042408081,-4.602248214763196
67.05,-0.7936656608125812,-4.771640907602778
69.05,-0.7850277761270286,-4.527601958468944
69.0,-0.7862829245793729,-4.510599800195118
58.7,-0.7639999863678939,-4.567232978241923
67.8,-0.7998689896113543,-4.7984864130921965
51.6,-0.7500205519315856,-4.8190799331628345
60.9,-0.7926459699480841,-4.682767226398779
51.65,-0.7479030290742396,-4.809437821770594
62.25,-0.7998703364121382,-4.767347715636729
53.3,-0.7484740396942581,-4.813031764637215
52.1,-0.7318121962118207,-4.924244909959719
56.1,-0.7832786449328484,-4.711785375411806
66.2,-0.7914625047151563,-4.894741948480762
60.05,-0.7705504662689752,-4.681148562230782
50.4,-0.7433996292796092,-4.721180647740146
48.65,-0.7426067896315696,-4.632453630028703
44.85,-0.7317585776903828,-4.59203805368078
51.75,-0.7088385682008952,-4.506647314687917
54.9,-0.7481116791694109,-4.759001873380644
50.95,-0.750309812625601,-4.685398707625645
64.8,-0.7767379390561084,-4.935737563250534
59.45,-0.7848306449156468,-4.5516929481824215
58.25,-0.7725930460543127,-4.538580520291826
57.7,-0.7490209227973652,-4.592072669691387
61.9,-0.769184415628174,-4.8589872197453134
57.15,-0.7811109909777306,-4.647364440386747
59.8,-0.7918690908214499,-4.765687461744773
47.05,-0.7075006511296429,-4.60831359922469
54.4,-0.7337396503562086,-4.546810862986467
55.5,-0.7577961112652327,-4.357082496424861
60.9,-0.7696377583794538,-4.742547589071059
52.65,-0.7623541532365576,-4.785900854747635
75.65,-0.8196836817874658,-4.506625891456297
58.6,-0.7686350895784055,-4.701295216339534
59.55,-0.7871993176924279,-4.7535146737199945
56.05,-0.7586175598494199,-4.7340904200687
62.15,-0.7359819546797378,-4.620532013945331
50.8,-0.741365523468376,-4.567977338454304
57.2,-0.7295930345360693,-4.556150149235809
71.45,-0.8154647754933352,-4.779206084025624
56.6,-0.7867609796811135,-4.586738576336851
65.3,-0.7813547106411896,-4.657665177873456
51.8,-0.7517044236918344,-4.598968868057076
49.05,-0.7494109752452296,-4.660098501275656
54.5,-0.7602523660207186,-4.6019874370805525
59.35,-0.7660741633445526,-4.649188067834915
47.6,-0.7172733286894917,-4.4086878752798535
53.9,-0.7535220644465139,-4.526503918483601
57.4,-0.7772656100286344,-4.510418542690821
49.15,-0.7534476855278921,-4.477709638922862
51.35,-0.7523628832614433,-4.603061333782501
47.05,-0.7471591384921886,-4.6147330595278575
52.9,-0.7460500303736592,-4.530738470160617
55.75,-0.7491301409083186,-4.749418651486195
53.55,-0.7715955368141387,-4.698914790576788
53.25,-0.7409893050987797,-4.585628688915653
48.55,-0.7426611933482968,-4.592758728546746
58.0,-0.7830751621963381,-4.664685278663301
62.55,-0.775991849373498,-4.525678428922456
44.95,-0.7056144860967599,-4.508010389391896
59.6,-0.758325232192337,-4.4898840717186825
61.75,-0.7753548252371619,-4.506274489339306
65.6,-0.8051651378881342,-4.799567511449189
56.7,-0.7633063340549027,-4.744496344148954
65.3,-0.7940841485852549,-4.623551148798592
55.2,-0.750467312700571,-4.514840113801938
61.9,-0.7866826329838389,-4.735032922164594
56.4,-0.7626162805321263,-4.490732763227042
60.95,-0.7844650720870845,-4.503208113908298
54.8,-0.7560759280141491,-4.487658019504377
50.75,-0.7535654675730266,-4.460037956198678
59.85,-0.7667397284154681,-4.612140595235844
51.0,-0.7393488257483488,-4.659119311651906
65.05,-0.8053578719160692,-4.717644060574968
60.6,-0.7723540892666066,-4.55324996644722
57.75,-0.7863803381573023,-4.7629767041958075
47.9,-0.7370279950768065,-4.699393399046411
54.4,-0.7614328339081985,-4.6161317311992995
60.5,-0.7667233714044632,-4.543145272403639
51.35,-0.740639880062518,-4.664513776737119
47.8,-0.7481650796537878,-4.718882269906579
48.25,-0.7334011287544151,-4.670128952396666
45.85,-0.7018082217750718,-4.421819030209465
48.5,-0.7126920987393234,-4.469220110282185
63.55,-0.784397277965154,-4.469810718863825
48.15,-0.7491458997526406,-4.579648455530749
48.8,-0.7341904488982751,-4.61382301109879
58.2,-0.7495035537544138,-4.6900455129988545
48.35,-0.6934940691349885,-4.4089789142193965
56.4,-0.7563114545046912,-4.7006633098303965
49.7,-0.7447217104069727,-4.493024349580436
51.3,-0.7306373908014442,-4.487178690658905
58.35,-0.7791616230207621,-4.620087317134709
59.0,-0.7537130015109683,-4.528004531661848
55.0,-0.7582811834359899,-4.601508516824077
57.2,-0.7730546406208005,-4.781998112858113
59.25,-0.7558819138910067,-4.58741542955232
59.8,-0.7702804048035102,-4.537076821791139
55.1,-0.7730420681446887,-4.659385823040358
56.75,-0.7717607731562403,-4.778835165097435
60.5,-0.7736162995809003,-4.699543344165681
64.0,-0.779684583277071,-4.60556158311223
64.45,-0.7844386020202916,-4.670998773240648
52.45,-0.7509180416205542,-4.590244886882163
61.2,-0.7523186877900161,-4.350731928057417
54.45,-0.7331071516711303,-4.65338727889858
51.5,-0.7286347214261601,-4.346282207848572
63.7,-0.7855939875586276,-4.527031572020784
66.4,-0.794918699899506,-4.5399349940787666
54.7,-0.756873145443175,-4.474615250215335
56.85,-0.7585104603175378,-4.66377240703179
66.6,-0.7946792342038306,-4.588041923431977
50.6,-0.728586424397345,-4.516586213882286
63.65,-0.7770008363727482,-4.597092364220032
56.3,-0.7497642495780795,-4.616822233466359
46.2,-0.7300873284525251,-4.796861733113404
58.85,-0.7934241839604512,-4.81485227672191
65.15,-0.768906351612551,-4.79465274088517
57.75,-0.7624961152478218,-4.776942144345484
52.15,-0.7464098269075083,-4.580621939282326
63.8,-0.7738286027886211,-4.634094460424264
63.55,-0.788789301207057,-4.635808802821794
55.5,-0.7583736293631785,-4.710227092678939
51.75,-0.7370536155325824,-4.455673858338988
60.75,-0.7382929013021287,-4.487074012625904
72.4,-0.8118364337016633,-4.8277171719026555
44.75,-0.6929300620601204,-4.702669163747362
55.55,-0.7776406758116204,-4.541481135519339
54.65,-0.7557782147129759,-4.563371716904795
50.15,-0.7185931667545429,-4.4965478956075255
58.9,-0.7524787682399083,-4.432788501571619
60.6,-0.7880047731251525,-4.656078965645487
67.45,-0.801280330568875,-4.496895566068835
56.15,-0.7599943838171065,-4.509621460474767
50.4,-0.7603626961768063,-4.566578257596342
57.7,-0.7608972349267091,-4.575112208622888
53.65,-0.7387297575745262,-4.514576660082094
64.55,-0.7861766187100814,-4.750440153101005
52.55,-0.7629039274709901,-4.567274963210269
62.85,-0.7938240160259941,-4.643454434714082
51.3,-0.7534437718156826,-4.6310805553048215
52.2,-0.7374678189148811,-4.696457849653982
55.3,-0.763393004432231,-4.685250886296738
63.8,-0.7803039582618678,-4.811492700580649
56.8,-0.7813618274120676,-4.4472249646134
60.15,-0.7814779060957708,-4.657307203656515
48.95,-0.7467945901841151,-4.537989431504206
52.25,-0.7525295017886049,-4.50411233515789
56.8,-0.7461105636127753,-4.45750921876498
54.3,-0.7553245419691845,-4.452702600427274
47.7,-0.7212583013843069,-4.489562753880533
71.6,-0.8161732619337159,-4.815737940813177
64.75,-0.7781369463355158,-4.506134656732203
68.3,-0.7678986229110818,-4.497096343367167
58.9,-0.7782056615112778,-4.531607218452917
52.95,-0.7454694123914266,-4.443457091489438
65.95,-0.7914900547419647,-4.597741647724773
71.3,-0.8140672492116169,-4.598050774622452
55.05,-0.7818280540428788,-4.354478865025224
51.1,-0.7439011836790613,-4.351000956699428
59.25,-0.7641230347144826,-4.325609005713068
61.75,-0.7822165346143805,-4.514080003675362
52.25,-0.7491148773910725,-4.572687818390486
56.05,-0.7356479058392185,-4.513268970012822
59.15,-0.7808742919137538,-4.721582205962666
55.0,-0.7394353980416356,-4.496040374587431
53.1,-0.7572483320491445,-4.620451198618268
73.15,-0.8275538656950024,-4.876439951431367
55.25,-0.7694915149394901,-4.574487505876069
64.25,-0.7915903698090756,-4.80215333464733
61.0,-0.7608938238379991,-4.675475574931211
54.9,-0.7749404121224983,-4.550041757527191
55.65,-0.7634629058830245,-4.546196865494931
58.8,-0.7965622789431561,-4.802449268966951
51.9,-0.7386976524492361,-4.532941445061697
65.6,-0.7618144876880668,-4.6137682399456
61.95,-0.7751954999603787,-4.7706449967266105
60.65,-0.7656587964109778,-4.688973553516942
62.65,-0.7708007335806776,-4.724260661244846
58.1,-0.7794185406390355,-4.770920325851562
58.35,-0.7671062225187535,-4.687976508047656
62.6,-0.7959624795951117,-4.7696897582725395
63.15,-0.7819744928135168,-4.468361824828849
80.0,-0.8249877191602891,-4.7810693624264795
59.55,-0.7805133322250366,-4.550136254410493
57.35,-0.7761004101282601,-4.473697072974436
51.4,-0.7439852774946234,-4.708016656819375
60.55,-0.7723616870607009,-4.703052420373937
49.7,-0.7338015302927083,-4.652048267973834
47.65,-0.7120960516059323,-4.550964516464037
54.3,-0.7693463637389638,-4.422922152770766
51.05,-0.7652301345366238,-4.574721926620401
60.8,-0.7822650149285,-4.4495433038223915
62.2,-0.7872699561508517,-4.4545661863896076
66.15,-0.7827927127152161,-4.501238567622362
67.8,-0.788184515291673,-4.533080583821819
56.65,-0.7657735697765493,-4.5444959666467355
48.85,-0.7025031232210011,-4.531663586845374
57.9,-0.7546836189108719,-4.57670101471422
61.15,-0.7908649384197604,-4.669803955961192
52.95,-0.7352801677987284,-4.460723057018147
54.5,-0.7682850183076865,-4.362981451501993
53.45,-0.7662248500407844,-4.619741316532199
50.05,-0.761713141818002,-4.4763558133755454
53.15,-0.7541855340779121,-4.461558625024464
53.95,-0.7545246022994168,-4.592266899230593
74.55,-0.78823942544881,-4.774646998103798
59.9,-0.7934867189365378,-4.6781490683570865
45.45,-0.7152536357892705,-4.6689645115452425
55.1,-0.7536497370234733,-4.613324525803344
53.75,-0.7628472970898106,-4.728744394278147
71.1,-0.8014555671159208,-4.735651150984933
59.95,-0.748490276797162,-4.526688652349187
80.55,-0.8373765697386565,-4.77010620102754
67.05,-0.7769611456183761,-4.533100022855217
46.85,-0.6973625318110409,-4.53092013427562
74.35,-0.7912491364372012,-4.70004556144701
57.95,-0.7748237619389884,-4.459183210203517
59.1,-0.7605608317225233,-4.674956235910935
48.35,-0.7332823603984245,-4.507326585212088
59.45,-0.7912038596863253,-4.490914713921553
50.4,-0.7567185016310936,-4.579728202621052
50.25,-0.7509515648383596,-4.543278045651692
52.45,-0.7482658372563883,-4.5334368712467095
47.75,-0.729801779333718,-4.808101400795458
67.1,-0.7922849187171187,-4.601918223000573
54.5,-0.7545692011597416,-4.580197639108111
56.8,-0.7808759398342324,-4.464975660710508
53.4,-0.7487326414240467,-4.414386994288231
67.6,-0.8012424224048704,-4.495721953766193
76.45,-0.7949945489321988,-4.727570182094492
69.7,-0.7863890622163023,-4.667976805613265
58.25,-0.7878797921042968,-4.798999205532257
58.75,-0.7765147271185839,-4.8048576612867056
51.15,-0.763924844391238,-4.562191724472281
57.95,-0.7643377674016529,-4.605070579236687
69.55,-0.7717741240026136,-4.689888061340608
52.7,-0.7310947937859109,-4.442953837495036
53.55,-0.766355574521654,-4.713895257391885
75.85,-0.8078523426313519,-4.693053398319205
50.6,-0.7536019041313529,-4.700106594745092
49.4,-0.7536137079981304,-4.731506687959351
63.35,-0.7903628223528024,-4.615234718341581
57.7,-0.7729054071970136,-4.659579882946693
53.35,-0.771151908383499,-4.5182015277258945
65.6,-0.7724448061564189,-4.6051618656487
61.4,-0.7789599388064741,-4.726732389269631
58.6,-0.7814832856492255,-4.635257276601776
63.85,-0.8075861819509432,-4.6767214813473625
61.15,-0.7812479082770212,-4.564248890174576
50.05,-0.728719567894135,-4.680909846197871
48.35,-0.7329046827198673,-4.69814775647118
53.15,-0.7698029021257898,-4.787335394706126
50.6,-0.7572367620369713,-4.623548977390047
49.35,-0.7312582557615801,-4.5288399436104525
59.6,-0.7756873817609169,-4.593144701364117
65.2,-0.8017108095669352,-4.573498504985338
50.35,-0.7419271093802217,-4.58743190099703
60.9,-0.7843496807375049,-4.516211689803868
64.3,-0.7699827200916809,-4.35268854754299
55.45,-0.744252251820866,-4.436751443552302
73.35,-0.813615981018747,-4.520488887453
59.55,-0.783080124105893,-4.6135482504784004
60.05,-0.7905286625125176,-4.724627293915768
64.85,-0.7867595357397296,-4.751223080943332
56.1,-0.7698515507573603,-4.7277124255255325
60.55,-0.7918382709760228,-4.6469593077571565
64.8,-0.784236950810217,-4.659529713489124
50.6,-0.7337864411910731,-4.457834327894061
55.2,-0.7607340405392975,-4.581381456637307
55.75,-0.7717137389400444,-4.66527904703481
67.15,-0.8021932024412928,-4.520300525627453
54.15,-0.7667770562320653,-4.8071697986046615
47.75,-0.7142990285899328,-4.62924413631198
66.1,-0.8033248853481456,-4.688897622949588
66.1,-0.7816378989676931,-4.761508458496291
63.5,-0.7789615050266965,-4.61393584673016
62.35,-0.7959905830702846,-4.527618737283393
56.85,-0.7604029490530885,-4.595037620551562
69.75,-0.8255906733873702,-4.7517960919066144
61.35,-0.7887237398831236,-4.536612240932532
57.45,-0.7717643704882212,-4.551767308974435
56.6,-0.7618332812745126,-4.7076279520721975
64.2,-0.7587446309151792,-4.7715387637736795
49.95,-0.7425878558820769,-4.6270528109310956
58.0,-0.7968170435634192,-4.810105530191949
50.4,-0.7403202660283142,-4.608080436178829
55.5,-0.7840786721051137,-4.78209230626943
51.05,-0.7465674079578084,-4.542994176794215
57.0,-0.7722282401498152,-4.601093076851221
65.85,-0.7883491803890104,-4.867241574732413
65.3,-0.8046050441071696,-4.644120307093617
67.65,-0.810451622691376,-4.7057348038346705
58.05,-0.7871579950265941,-4.4999924171152665
58.25,-0.7889828715495055,-4.816801986737305
59.8,-0.7926386026343584,-4.840201469492676
61.45,-0.7995505807242128,-4.673933991796704
67.65,-0.8244733443482246,-4.705661005391193
69.2,-0.8039818298711585,-4.5245214985273465
56.3,-0.7462601212267114,-4.58687567805095
64.9,-0.7984975858498575,-4.612616521306908
53.65,-0.7240618249443622,-4.718403521112256
47.65,-0.7172708106837944,-4.83506093231521
61.85,-0.7946806502780633,-4.967864955714975
62.25,-0.7834472467163451,-4.672948451697614
61.9,-0.7750049837472488,-4.675428714469858
53.45,-0.7298393339187896,-4.583229337815682
48.15,-0.7236118887345626,-4.73613823324271
54.55,-0.7328233214747321,-4.511406039988079
60.75,-0.7861175837017244,-4.594073734387545
54.85,-0.7556009720357971,-4.646356743626828
63.05,-0.7680359796257735,-4.578030406675218
64.5,-0.8011957528482434,-4.803191902434986
55.6,-0.7660261558701473,-4.889767092870328
53.25,-0.7543767519258346,-4.7809597558578005
72.05,-0.7989675300393915,-4.8627111519655974
50.3,-0.7537704889240786,-4.73474232502454
58.8,-0.7648003812651571,-4.80716491148297
70.15,-0.8113666374659738,-4.824225637660422
60.4,-0.7739603139574405,-4.594035356264536
63.3,-0.7577456119144708,-4.546852468005672
57.05,-0.7663463307629226,-4.657272409167593
50.35,-0.7323205213370787,-4.6920293378796805
52.9,-0.7339167782914752,-4.715731623489626
66.9,-0.8062214137317918,-4.734079365791404
57.0,-0.7747197988344299,-4.671238926916657
61.25,-0.7580992355595353,-4.567881304352093
46.4,-0.7334455347552509,-4.530316346239501
60.6,-0.7630093677511155,-4.734482861939572
67.15,-0.7940680145766119,-4.63163761670787
49.7,-0.7559477492798135,-4.742685466718511
57.05,-0.7635292162261561,-4.661938582750782
68.95,-0.789797364148922,-4.793631260675671
57.55,-0.7455891174373229,-4.576520618906009
57.05,-0.7728492890649534,-4.643281856135491
49.5,-0.7540219693616047,-4.792944325442158
56.55,-0.75508439809997,-4.613755492933325
57.45,-0.7660384500312248,-4.565579299512098
51.85,-0.7148680595526167,-4.619689708146054
57.15,-0.7845588277927462,-4.780172646679851
53.45,-0.7669048877514275,-4.559010160103305
64.3,-0.7774237434079614,-4.430587986678664
69.8,-0.8243727494273548,-4.693324797872091
58.6,-0.7665046259502281,-4.676754323717603
66.45,-0.7839189261901691,-4.778040158996925
57.3,-0.7412842385138305,-4.770840135500192
50.2,-0.7442907265682672,-4.650647276265674
66.55,-0.8096311653626399,-4.852274689396557
50.45,-0.7339150485656212,-4.760105343192378
68.3,-0.8094176518958038,-4.933020157445288
51.1,-0.7444190955224017,-4.5557649013637365
68.25,-0.7868144046455703,-4.714534967552298
66.9,-0.7852337266290451,-4.623202082467483
64.7,-0.7692194676012959,-4.5636017173885985
67.15,-0.789509651513338,-4.71268260499198
60.5,-0.7505069173459744,-4.7569687852894695
56.7,-0.7059564463658595,-4.536169472268379
62.55,-0.794901591095496,-4.87853416243828
61.25,-0.7682155918745346,-4.688424355957226
56.1,-0.7389455612485487,-4.853636075644601
59.9,-0.7874514584049415,-4.81737650974502
60.15,-0.7789455439697208,-4.852552283309717
57.2,-0.7751141577947306,-4.827176607014926
65.65,-0.7958070818006969,-4.705240832999715
60.05,-0.7633443450398952,-4.7037015011403565
57.1,-0.742551107273277,-4.581248767846557
58.8,-0.7768563079198917,-4.756711921775201
60.6,-0.7796033862712389,-4.841561200534012
61.75,-0.7700226917876373,-4.795804017261231
58.55,-0.781174452705701,-4.718815887539954
50.4,-0.728651109233878,-4.620127143017784
49.25,-0.7367883132109558,-4.804238213382644
55.6,-0.7805123013803326,-4.656318416177127
69.4,-0.8069019196148753,-4.685303825285734
59.9,-0.7695350805907228,-4.750794040572602
49.95,-0.7198989024544684,-4.765443839318424
68.9,-0.7727750024287489,-4.767581492351056
57.75,-0.754727625364957,-4.664301106173136
47.2,-0.7381009050843065,-4.61922458487834
45.55,-0.734866661463381,-4.689195907676629
62.65,-0.7930632931512738,-4.592477727671111
67.15,-0.7756326583117759,-4.591398804521859
45.25,-0.7139325769558104,-4.528030064265491
76.55,-0.8115338572273408,-4.900984706495425
57.0,-0.7551258126242522,-4.701324276115118
63.0,-0.7864700695864396,-4.707061639164643
52.45,-0.7505129310776815,-4.713592901095609
67.55,-0.7762191077773264,-4.709302777634532
52.5,-0.7298321438758013,-4.415576847680641
54.85,-0.7696258807139182,-4.668956498458227
59.4,-0.7790136656893123,-4.622338963835351
59.2,-0.763138273298738,-4.739603230381141
52.0,-0.7519233264519098,-4.655571724394462
82.5,-0.8018870975071998,-4.7195234930743
55.5,-0.7794848692264341,-4.59074709349066
57.95,-0.7684883340364925,-4.607222034820516
66.95,-0.8021165645385121,-4.629017586975023
53.95,-0.7502372396967967,-4.545851216540433
57.9,-0.7668756305284553,-4.768787193328842
62.0,-0.792484726937942,-4.851813053496789
64.45,-0.7757303385132481,-4.732634316328047
55.2,-0.7526844816422722,-4.693350797651903
60.4,-0.7785061495269693,-4.815223638287362
72.75,-0.8054458502025126,-4.621981472862166
60.25,-0.7740401916583182,-4.6678890237538955
48.4,-0.7343094105500128,-4.605781590163662
62.05,-0.7958934721695684,-4.8463334655802175
57.95,-0.7137387360790857,-4.5849923763654505
59.2,-0.7871275844643459,-4.717952686524816
53.95,-0.7253734653952607,-4.75900938714393
72.4,-0.8187179489341145,-4.747217092027224
73.9,-0.8061440174735006,-4.618271637929752
74.7,-0.8225614681836447,-4.617949540359241
57.2,-0.7501232462527943,-4.45085968716627
49.2,-0.7289970638011172,-4.692902679066232
56.9,-0.7647737799755331,-4.900609671892736
51.0,-0.7516683401372818,-4.707972083659991
55.4,-0.7739885110273775,-4.840578212044652
45.75,-0.7305836894837174,-4.646342951189392
61.7,-0.7959061207365432,-4.769048210520575
53.85,-0.7667877147514146,-4.67848815932943
56.2,-0.7683983013239806,-4.689964131780958
64.25,-0.8095207039166809,-4.826383408705937
59.85,-0.7821476959056695,-4.813283311794447
76.9,-0.8104371223913759,-5.019957754878311
60.95,-0.7963207356495863,-4.720077972569573
52.4,-0.7294653637296137,-4.712842525354523
52.85,-0.7558858689225924,-4.787565531595472
53.95,-0.761031725503861,-4.706257765389247
50.35,-0.7403011758686583,-4.5573531809462695
61.3,-0.785472360812178,-4.67667157622849
56.7,-0.7592916531192999,-4.667979803437867
57.2,-0.7298310450896807,-4.517974423566884
68.0,-0.7960586638454867,-4.959259223175886
55.05,-0.7540830629310622,-4.761546371059677
61.25,-0.790194476222742,-4.740161947177687
49.1,-0.7249874040048067,-4.773092852678575
59.5,-0.7546823219550525,-4.6567854431940985
61.15,-0.7758991178477993,-4.6795093073988925
54.65,-0.7768777411144498,-4.905051776377302
53.7,-0.77591727420561,-4.799873363662235
62.25,-0.7645306823114182,-4.665593229950284
59.15,-0.7595265999561319,-4.715016237311436
58.4,-0.7507917229104939,-4.921743636561471
46.7,-0.7264975378773231,-4.766058035668925
62.5,-0.7837959713728494,-4.747794949193847
51.05,-0.7339712998957462,-4.562400576043084
53.8,-0.7757695763850865,-4.912074430893247
60.7,-0.7793478777477189,-4.700849629893506
59.45,-0.7679140004967557,-4.604849148797047
66.75,-0.7800543566495688,-4.847927304488506
58.8,-0.752783122634958,-4.88051637400998
58.4,-0.759068470218818,-4.8609562281275505
61.35,-0.7851663180405735,-4.790843081985751
64.5,-0.7874352413793584,-4.7923225392526305
63.25,-0.7818703467544245,-4.798311996073144
53.55,-0.7684194904510647,-4.748950282278414
61.45,-0.7766574974797669,-4.659718538203474
56.0,-0.7730613882751396,-4.800447971714438
58.95,-0.7564946181757538,-4.797267730725329
48.9,-0.7289079745560766,-4.526419360295616
54.4,-0.7620760265394072,-4.534804575545511
66.7,-0.8004096869785459,-4.867736857763321
52.0,-0.7458412846811211,-4.613089950928769
56.35,-0.7659924221109975,-4.742553755713757
62.0,-0.7706523483350465,-4.9789481091445955
54.95,-0.7735755665968633,-4.736722357240657
51.05,-0.7430136582407941,-4.556412961694148
66.65,-0.7908958883056709,-4.7927300194941544
58.0,-0.7777333480191324,-4.709568734749877
59.15,-0.7816456455511744,-4.660784810533919
68.55,-0.7799826591782394,-4.717365154164619
69.7,-0.8089566060271055,-4.803213369350985
68.8,-0.8006512957814589,-4.560558167617711
61.95,-0.7923104665816579,-4.656920798825778
59.2,-0.7777547796726177,-4.726907170415895
57.5,-0.7598267134205494,-4.537352200129054
59.2,-0.7798504320243966,-4.492464667712538
63.65,-0.7735977280524281,-4.776387236636323
57.65,-0.7828601222386958,-4.787033465346943
64.5,-0.7982123204881308,-4.633039217509993
49.6,-0.7278601244850893,-4.8934053830211255
69.2,-0.7857871237637049,-5.047967889374821
51.8,-0.7548038382890793,-4.913386443722359
50.55,-0.7161136917106009,-4.669060067068387
61.2,-0.7769045387706507,-4.816764987064204
58.4,-0.7930725525767531,-4.8433234992750185
57.5,-0.7646930142752988,-4.723667624550298
54.2,-0.7542954821591016,-4.74565811956016
55.25,-0.7683821830860815,-4.828847950339082
50.15,-0.7643178449125962,-4.650291834284422
67.0,-0.7861630321912478,-4.6764523321042635
54.0,-0.7276291086825966,-4.574934864605714
49.15,-0.7321906210083732,-4.746415373538058
46.15,-0.6885934470407864,-4.613508239435648
52.75,-0.740230920967158,-4.590305574012705
58.0,-0.7753206976439573,-4.82892172997982
50.55,-0.742071664197359,-4.763429401731544
54.85,-0.7479882411499073,-4.7088441447279035
56.55,-0.7712427075890036,-4.833856624975401
56.25,-0.7302682694912763,-4.549182057523649
63.8,-0.7738065455522019,-4.777616644741298
54.8,-0.7508385137977374,-4.829178447020965
59.25,-0.7564220149400581,-4.549912231032219
65.75,-0.796614791093843,-4.622443142659716
53.8,-0.7348936872150623,-4.4299918672705525
66.7,-0.7975592600914132,-4.701900576668775
53.25,-0.7509788139383841,-4.6472238710211995
58.45,-0.7243295797728276,-4.477847259472158
65.95,-0.7606245262904058,-4.528032966803662
68.85,-0.78292872466874,-4.6502857671462365
62.0,-0.7606942078694162,-4.577443797513734
62.55,-0.7763459308623869,-4.572382767930246
66.45,-0.8027948182294029,-4.562120537056689
55.9,-0.7825749457773739,-4.497557046005216
65.4,-0.8157924483498726,-4.682972537489387
59.3,-0.7788078270910521,-4.708439295486232
66.2,-0.8187809450513661,-4.599379375282931
64.5,-0.7688618851060022,-4.7104773524427666
62.95,-0.7815868583528455,-4.811361803038899
66.8,-0.7811975055804437,-4.764404803108239
57.75,-0.7765822897000001,-4.8385819158860315
57.95,-0.7860515210099297,-4.6950018134565275
48.75,-0.7325320859028267,-4.832518243787094
61.1,-0.7796722306633553,-4.874401200390862
62.95,-0.7637209025749978,-4.8165294700040535
55.35,-0.786782305722072,-4.910339215290706
58.5,-0.7666247746356751,-4.684215061975667
88.8,-0.8086947411388172,-4.807600115979431
54.9,-0.7618144220281544,-4.949481430915858
53.2,-0.747789878611827,-4.890599376388224
48.4,-0.7473706031021504,-4.756991816041492
58.5,-0.7585759615102836,-4.770658588600848
64.8,-0.7854068101879486,-4.9073159890881595
59.7,-0.778440397957335,-4.880487183269468
54.6,-0.7462883243404359,-4.7100784374696705
53.0,-0.7697077572053377,-4.795977536093399
57.55,-0.7838980384994998,-4.876623984205221
57.85,-0.7736503659392725,-4.777163341872594
66.35,-0.7651835419447677,-4.96485336454738
58.25,-0.7499421837046191,-4.643805691474101
54.25,-0.7630071860052268,-4.807509241016424
61.3,-0.7877466244811211,-4.846329376189081
65.4,-0.7711126982248191,-4.936210402160984
57.9,-0.7697762491044273,-4.850459669041373
55.05,-0.7678229423162668,-4.75995059422954
56.4,-0.7832530222891061,-4.842862528642783
51.55,-0.7055013519815703,-4.61841689462947
56.55,-0.7759793402277854,-4.956677430730844
68.25,-0.7757250064588377,-4.7241161678408705
51.6,-0.7394004795166628,-4.754069120599044
55.3,-0.7725914106386473,-4.806385626979142
72.2,-0.8158549659877734,-4.755459287722337
56.4,-0.7766199791574785,-4.8592673664223645
53.8,-0.7604918490739441,-4.854130396872782
53.35,-0.7634814080952671,-4.9045904083224885
56.2,-0.7765933365322158,-4.8241406701343
55.8,-0.7681759259507513,-4.842521031668388
65.15,-0.7848353242047785,-4.74152173902022
56.0,-0.7430373086296826,-4.695773037310216
51.4,-0.7160952775217868,-4.757350031606969
51.3,-0.7265397416533063,-4.744964114037115
67.1,-0.7642759526621614,-4.81488066707754
63.05,-0.7768930232484996,-4.757888545735809
50.85,-0.7199966451922112,-4.805213035333604
49.7,-0.7499869941868464,-4.724670521136021
54.35,-0.7583032173341907,-4.430982929883243
66.15,-0.8006620741107019,-4.829086955930476
59.7,-0.7732491736468027,-4.756827990956886
58.15,-0.7618629551730768,-4.821267850994745
49.6,-0.736171872412553,-4.8033402909545115
55.95,-0.7487684665000931,-4.831095325041869
66.4,-0.7999895517027137,-4.725976183736503
61.85,-0.7918490941936847,-4.717780675691085
47.05,-0.7101770625544103,-4.838338539757855
58.6,-0.7618487399027533,-4.6927587862163955
64.1,-0.7972248570460168,-4.7849528488929405
55.65,-0.7621074096927718,-4.795889179141025
53.75,-0.7414845520205926,-4.832515143519978
67.85,-0.784103945212031,-4.76676777668556
50.8,-0.7614131174901193,-4.75383541619436
48.7,-0.7357874984458109,-4.719516297494644
53.3,-0.7475509724606584,-4.837960917555027
50.75,-0.7400256592445258,-4.665682014284742
57.5,-0.7507729788341628,-4.675118880260012
48.35,-0.6946848164321556,-4.593365639545943
57.55,-0.7679401633002167,-4.53782855093227
68.6,-0.7809505160105372,-4.834392186310308
66.05,-0.7914456658084263,-4.7841713448388585
58.95,-0.76931213189945,-4.7703019436184455
53.55,-0.7358097980775903,-4.525597651856836
48.55,-0.7161863388751442,-4.938230792790245
58.6,-0.7725674843719447,-4.677493202763316
54.95,-0.7453445805001934,-4.458153864525682
63.2,-0.7908856683391916,-4.780011065708159
53.8,-0.7772467900563622,-4.7328920538149815
52.7,-0.7306341019818184,-4.7699453053895855
59.0,-0.7880255108929181,-4.815123746092565
53.2,-0.7235047051305172,-4.725349639202482
62.8,-0.7724056402335695,-4.816126843162676
57.1,-0.7430694106064595,-4.714163250347744
62.95,-0.7896864798189894,-4.782851083027242
55.35,-0.7463373463360373,-4.734393060584047
57.25,-0.771174788588697,-4.732462162229845
63.4,-0.7806139200908306,-4.897258475711169
58.95,-0.7764597380635079,-4.857672886474326
63.85,-0.7592161475023762,-4.741858782059179
56.85,-0.7747953681629608,-4.959753775357103
65.25,-0.7986554638087273,-4.8135495632917795
56.9,-0.7719358601404596,-4.621825267463538
52.65,-0.751205875245162,-4.785612172204249
73.05,-0.812383707807588,-4.770130500174185
54.55,-0.772137617212938,-4.8633972459260395
61.6,-0.7637453501318789,-4.78529453120144
50.75,-0.72878627839597,-4.914650353116057
60.8,-0.7725498631726848,-4.728535090803378
59.45,-0.7603258996251003,-4.75068218699248
63.0,-0.7702979265853365,-4.622122349558856
58.15,-0.7349511123418733,-4.878328979132628
55.6,-0.7444771776867314,-4.862410929305312
65.0,-0.8098415687717282,-4.667539022278973
57.5,-0.7597305245356922,-4.92145508836464
59.1,-0.7888825337168286,-4.880756082614115
67.4,-0.7832690144605216,-4.696191775069321
42.95,-0.6999139688005,-4.6342132262022195
63.2,-0.7795107010370776,-4.73330733624861
52.75,-0.741956894834369,-4.721571739866663
67.65,-0.7939461789115827,-4.757684498739548
45.9,-0.7081510863710839,-4.5137701994028365
63.7,-0.7945641948363896,-4.6913111114503305
74.7,-0.820444377770772,-4.926649369693474
48.15,-0.7478992868722325,-4.827074456746331
58.55,-0.769745945584013,-4.547056160791807
59.9,-0.7582997695669912,-4.718466270740828
52.8,-0.728629059435404,-4.839246560808717
60.15,-0.7870595556027564,-4.720678998345279
50.15,-0.7382533385884191,-4.944825312584198
54.9,-0.7455475901002078,-4.863803286852805
65.2,-0.7853711579216486,-4.879844331151846
50.45,-0.7206086908755784,-4.637245763794547
54.9,-0.7545190698812714,-4.674970794223913
51.5,-0.7373202863226175,-4.683465617124956
55.5,-0.7443758172380668,-4.909327589497143
61.1,-0.7849514800874432,-4.8273099980763226
51.55,-0.7564548603378697,-4.6324043003874396
65.9,-0.7904819143734907,-4.671695315800431
52.75,-0.7641982742786715,-4.711237786464226
55.5,-0.7599650493180332,-4.787874130192734
50.6,-0.756691236182006,-4.577456884378053
51.1,-0.738744610807711,-4.6799759585773595
62.4,-0.8004269124324805,-4.720711755689495
54.4,-0.7685515110493785,-4.605868379826552
54.8,-0.7423479816163947,-4.64162707109592
51.6,-0.7668758605315185,-4.760142923551065
60.05,-0.7848206845721368,-4.78778789027601
52.95,-0.7529846393367969,-4.756707688688636
56.9,-0.7599685925503593,-4.615247890605108
56.65,-0.7609849403577783,-4.616688953881532
49.8,-0.7516241479033348,-4.729039413816893
49.5,-0.7426674265661924,-4.760586480723012
57.7,-0.7754652852110601,-4.578362002100485
57.8,-0.7547312051792279,-4.726132771727205
49.55,-0.7274136527152945,-4.5790943594795825
63.8,-0.7752773867538545,-4.559830795787262
49.1,-0.7232149701402418,-4.774728572853906
54.6,-0.7600491383958887,-4.849805279120614
50.85,-0.7575982599541511,-4.5912268338081965
46.45,-0.6930036598005114,-4.777226093211693
51.0,-0.7339755479424892,-4.756142545117583
53.0,-0.7263981992697977,-4.633169291454982
64.65,-0.8096681964323116,-4.726361025806659
51.85,-0.7578111952674227,-4.7692293221226665
63.6,-0.8012093132228367,-4.771446065390459
44.8,-0.7319331472606122,-4.639265423838653
50.8,-0.7509726613432515,-4.672689788044372
45.95,-0.7202371004079936,-4.660494687622744
52.3,-0.7606864241964839,-4.537161181215721
58.3,-0.7792612938526415,-4.778463674431675
56.75,-0.7291221006312476,-4.535557640867362
72.0,-0.7869554187416219,-4.586025979807095
52.15,-0.7587385141463557,-4.6574679344547025
62.8,-0.761564233944138,-4.619417057388384
60.95,-0.785990033780615,-4.776348688550738
65.75,-0.7621816772276552,-4.656184482329666
67.7,-0.7976508352508141,-4.7039244626179535
68.35,-0.794075786372267,-4.595892554763343
54.6,-0.7694941550426313,-4.815567606004722
59.55,-0.7659246130245723,-4.79300612446281
67.6,-0.7712877717654423,-4.623502424714432
45.35,-0.6730149244410132,-4.678567235635045
57.5,-0.7323730459903531,-4.5588515979198885
79.85,-0.8312342909546935,-4.763621877217771
49.4,-0.7467198631501542,-4.731201536472543
61.1,-0.7900823036120166,-4.53667094733896
53.25,-0.7528852505688496,-4.775467706761369
66.8,-0.7460461355462047,-4.753617190029155
52.6,-0.7591309173648371,-4.964080218852399
55.05,-0.7597362031332102,-4.674092273747503
71.5,-0.793909910200681,-4.700174671046947
60.0,-0.7691985967271897,-4.66381987676364
53.55,-0.728062414263383,-4.731458482014814
58.8,-0.7825317923492447,-4.79689046791719
63.65,-0.7996814270881838,-4.8562171365399776
56.9,-0.7449680007474682,-4.591690755936662
64.1,-0.7730113596646853,-4.699740615312998
56.95,-0.7638614430724984,-4.700752419631352
49.4,-0.6460270404416988,-4.796782727922986
49.95,-0.7411940677819896,-4.776944156098968
50.45,-0.748212644269609,-4.670230679714901
61.45,-0.7850351732645472,-4.621333301667022
60.7,-0.7784661152533252,-4.63450203880336
49.4,-0.7608752908515284,-4.854349464854155
51.15,-0.7376538905643892,-4.6938341440640645
61.6,-0.7422497337434881,-4.503103940405353
51.65,-0.7277942835998641,-4.607931461469364
61.8,-0.7459164266432534,-4.709054571844037
59.55,-0.7811398086725336,-4.851192996152634
58.0,-0.7682170814442582,-4.734333390245686
58.15,-0.7731210357737289,-4.717521166748604
60.75,-0.7870072204812919,-4.621322036530707
52.3,-0.7291970979248924,-4.7775090845902675
68.55,-0.7950893004891689,-4.8991117497234935
55.3,-0.7685006465383107,-4.790984472231526
61.15,-0.7426694541180321,-4.801225914595687
55.1,-0.7042334950769235,-4.686424295040385
60.4,-0.7688249047195932,-4.794606733952692
61.5,-0.7999218773976052,-4.738629253148635
52.65,-0.746838441937573,-4.812288545818846
64.05,-0.7908121749755398,-4.655466241225111
61.8,-0.7574310823282471,-4.727728692452477
70.85,-0.7895945366582345,-4.828700849034076
55.7,-0.752779031584758,-4.731430299639327
50.8,-0.7344883812936132,-4.676375525626395
50.8,-0.7577711349241143,-4.804360964929178
49.0,-0.7073430454166458,-4.760747508180109
48.4,-0.7060865195423348,-4.66676909577217
52.45,-0.743548575356145,-4.745237386951229
51.9,-0.7449005297040894,-4.653516239817834
58.05,-0.7843526378406855,-4.7454788319017425
53.7,-0.7669310052687413,-4.781702266239593
53.0,-0.7652307894818731,-4.700617764322802
53.65,-0.757919751659814,-4.601949547906939
59.2,-0.7796865966666594,-4.907251568701094
63.5,-0.7743572957539274,-4.7003725135542185
74.9,-0.791798783707065,-4.694310152604105
61.7,-0.7869054592004951,-4.638634671613756
56.35,-0.7447066145583948,-4.678951808969441
62.6,-0.7936107820630007,-4.893456239779023
46.15,-0.7168748775658659,-4.711453122922033
58.6,-0.7794527136109668,-4.696344820596286
59.95,-0.786002577673097,-4.792263321674425
54.2,-0.7607857190749991,-4.519218357320478
60.9,-0.7731466400061484,-4.637573722366361
49.15,-0.7539200817398792,-4.761485459706352
60.4,-0.785318182039729,-4.626198148095215
61.3,-0.7731846004909093,-4.523271261958976
57.55,-0.7647744026197539,-4.791451715907875
64.5,-0.7977066552813306,-4.758933052276022
51.6,-0.7363425968449182,-4.548778655629538
52.4,-0.7660450470898383,-4.811354844727314
59.65,-0.7724754370380308,-4.820090148131525
59.45,-0.7852616432875925,-4.8009811995261895
45.75,-0.7142138301944879,-4.653641144057895
52.7,-0.7611083197857601,-4.805728534592086
66.85,-0.7957903759740628,-4.668058530114546
54.8,-0.7733733066888945,-4.691994770836996
62.05,-0.7838607290381273,-4.60632256909856
57.8,-0.7656864298641756,-4.778636202278686
57.75,-0.7525803206809587,-4.606133330362758
61.2,-0.7796805741282304,-4.762828625044017
48.8,-0.7123579471057131,-4.618560413772996
44.5,-0.7148947009779139,-4.537303281999711
49.4,-0.7302567951265718,-4.645997066256912
53.3,-0.7595391511298983,-4.606327544251066
53.7,-0.7619784498135929,-4.6469337904498325
58.2,-0.7808355082539303,-4.730539075757071
58.75,-0.7750417507481084,-4.6143427487246615
59.85,-0.7859547807761922,-4.633299682142277
54.35,-0.761608400258981,-4.671410226990606
76.75,-0.8073927668660309,-4.714806254357204
59.9,-0.774003802975537,-4.87797047990742
54.0,-0.7723748107454301,-4.7294811266654895
54.4,-0.74827278172817,-4.794175672424469
53.25,-0.7407403698500951,-4.58006818369127
68.85,-0.7923714096809482,-4.76747467246374
54.85,-0.745955597983296,-4.5319873023140085
55.2,-0.7668214260025124,-4.685894928951222
54.0,-0.7599842414568956,-4.827578476906102
62.3,-0.7763672387253626,-4.686079885958044
57.0,-0.7799392700727081,-4.7221401192571335
56.5,-0.7806124000509905,-4.667351091431376
57.75,-0.7652865884764293,-4.767948433526933
68.55,-0.772195176355185,-4.695619220335978
50.45,-0.7422258222459257,-4.530720475740929
61.3,-0.7280125667921904,-4.663546716561292
54.8,-0.7602250521401842,-4.66168901065137
59.85,-0.7716797343502705,-4.718324098116558
66.6,-0.7998123409625697,-4.730863457575758
57.7,-0.7546764571647607,-4.8323437973456596
44.0,-0.6842051049184686,-4.586612698037462
55.45,-0.7605381501847976,-4.656870319425037
53.9,-0.7612738776894055,-4.81980438339815
55.35,-0.7277726008034302,-4.64874288886292
61.9,-0.7598636458355259,-4.613256175832829
59.7,-0.7855140109192036,-4.790309487727759
55.95,-0.7847167696734557,-4.660505260665629
64.6,-0.7603877948824274,-4.702423012425692
59.75,-0.7901758693759107,-4.576785392597712
59.05,-0.7638896323271156,-4.5772499682057095
50.95,-0.7274815931000401,-4.752637454466352
54.75,-0.7641323642496698,-4.590605652630769
62.65,-0.7773915603426489,-4.83074913721663
47.85,-0.728654879315773,-4.743083900983909
61.1,-0.7982093003829784,-4.72005411317728
66.55,-0.7596345002091398,-4.749689987391339
55.4,-0.7680852791981868,-4.657038368566668
63.6,-0.8072865580478016,-4.79481546014932
60.9,-0.7935289328839203,-4.595923003708501
63.55,-0.7720671607847249,-4.5871677036639324
54.1,-0.7564862337163804,-4.600818546376155
59.5,-0.7445486878811302,-4.665995791465261
56.1,-0.761079791984438,-4.547688559225033
56.35,-0.7631991878943755,-4.684813968677274
59.9,-0.799544372048046,-4.673783084668951
65.35,-0.7934294717015955,-4.718133109317582
50.35,-0.7043483374516526,-4.586037306971881
86.35,-0.813456684152545,-4.717645608643001
58.25,-0.7552162478804818,-4.800140297809281
69.85,-0.7961625743228185,-4.6043168822332845
46.95,-0.7104517203604468,-4.616031471924553
56.9,-0.7791721510750584,-4.672065456443326
59.8,-0.7791409954633081,-4.978708741951789
51.6,-0.7470326136339134,-4.569389911871018
62.35,-0.7889527484833383,-4.5211728822552
62.3,-0.7958765871822122,-4.870206100839067
55.75,-0.7701051816131399,-4.583224300965947
58.5,-0.7816891840008735,-4.746688583768771
53.55,-0.7428537566534035,-4.65119160696168
54.25,-0.7496076125278692,-4.633439117485445
77.1,-0.8131384991574475,-4.75904782341067
62.25,-0.7793160325021875,-4.7374142281096585
55.65,-0.737335398975277,-4.61331313429363
68.2,-0.7936498943807486,-4.620606990618708
62.0,-0.7715152063317816,-4.666301332730251
58.25,-0.7653934482878133,-4.722653342786224
58.2,-0.7618489771401185,-4.733689413292233
61.95,-0.7787716728999102,-4.726391336499645
54.4,-0.752608435999164,-4.590410687849323
57.4,-0.7300953554484975,-4.6577012156959166
53.15,-0.7680228776514737,-4.738096019811063
52.75,-0.7472331442630848,-4.689202385418914
57.3,-0.7684427269694655,-4.899859164672025
57.5,-0.764710177079029,-4.7391417880884035
62.3,-0.8014267813489886,-4.70994770565647
57.8,-0.7657769291443149,-4.642838449906061
58.35,-0.7536195161768188,-4.615390702043372
81.0,-0.8205390745847172,-4.590186317453433
64.5,-0.7930151208222399,-4.609352979794612
55.2,-0.7747045189453338,-4.8176918343086665
60.6,-0.7715538456488209,-4.74037596477941
60.7,-0.773358987533799,-4.5975873200277055
55.9,-0.7630963497747997,-4.632499208697428
59.25,-0.759948368399659,-4.738042639987111
62.15,-0.7846319672772963,-4.62748075353675
77.8,-0.80490621553105,-4.70098062757413
47.4,-0.6928585586096847,-4.540042876050344
75.45,-0.8126881235703802,-4.800520205060145
63.05,-0.7715486246394759,-4.6415722487011415
61.4,-0.7927371194298143,-4.778061995942893
56.35,-0.7203779889135437,-4.618910571586429
62.15,-0.7816530956856893,-4.80499433665595
55.05,-0.7668659368475649,-4.662213454963341
59.2,-0.7651273442878023,-4.7641151525707714
54.9,-0.768938802929895,-4.714267459946968
61.85,-0.7831152542224322,-4.793301769985682
63.8,-0.7864568586927223,-4.733284367917846
54.95,-0.7685555659363488,-4.843944243697964
57.9,-0.7717634407867852,-4.690167064396538
58.25,-0.78559016618613,-4.7488250681153605
62.3,-0.7649555832480156,-4.8390252621350855
53.05,-0.7694356036368688,-4.776387481937457
62.9,-0.7479462053006126,-4.619708897931714
47.8,-0.7288996188129568,-4.624922879014833
61.15,-0.7501920125340666,-4.554264904008631
67.7,-0.7938104275120851,-4.7148039859168955
60.25,-0.7662977777904093,-4.654865994053097
62.95,-0.7472253620144952,-4.714390798728205
70.9,-0.7933935582647083,-4.7689031449740735
61.25,-0.7833766253763335,-4.733498985572799
55.1,-0.7624464980943577,-4.715516284810417
84.9,-0.7960588927207594,-4.853152652522715
58.1,-0.76379956889631,-4.817534146408085
67.9,-0.7888253499609404,-4.828533839583242
60.55,-0.7760965528239284,-4.907780708959757
55.15,-0.7560493871326566,-4.701766714295394
60.4,-0.778178578434826,-4.79940240048254
58.55,-0.7794614481695955,-4.655133027256964
69.0,-0.8172405167464571,-4.850731425413551
65.1,-0.8074350566812605,-4.716446404889703
57.25,-0.743616185030808,-4.80131806935532
62.15,-0.7624861041047881,-4.9211824729410365
47.6,-0.737478593130787,-4.758790117843649
63.4,-0.7906417952758779,-4.887928302472536
67.25,-0.793098723341256,-4.731191170781396
53.55,-0.7270039645339901,-4.709621877064977
70.0,-0.8064233498705358,-4.6538804531110936
58.15,-0.7637900310146895,-4.759224350811877
55.25,-0.7694598130487997,-4.750915493525914
66.95,-0.7886865219898561,-4.709922089433343
65.5,-0.7925467768475924,-4.91467758105893
57.4,-0.7554311634179622,-4.861170909873197
60.35,-0.7775748801244662,-4.76776096588336
59.5,-0.7746004565240587,-4.6788306743500225
57.8,-0.771617453951733,-4.868675637766021
65.75,-0.7751564491672317,-4.789022174611923
60.55,-0.7814451386870737,-4.931765756243019
48.55,-0.7430440300708939,-4.761830749014253
51.1,-0.7141476365961613,-4.723630335101933
53.45,-0.7485229161099332,-4.828706911019918
63.3,-0.7819034563769034,-4.851977699685807
56.45,-0.7604382479541663,-4.68941920843046
72.35,-0.8139782806978664,-4.9360371724938865
67.85,-0.7939266132518787,-4.75347534541345
67.45,-0.7963139738539321,-4.811400640040233
58.75,-0.7855338521363622,-4.728951489780301
66.9,-0.8005388460205436,-4.903151080731151
49.9,-0.736178402874067,-4.605113219144416
54.0,-0.7663935579247484,-4.807988863045656
52.15,-0.7422550390160952,-4.794310636845276
66.95,-0.757351905099275,-4.755249715014887
57.6,-0.7551032513395907,-4.780092913241527
55.7,-0.7674634125602221,-4.8811469348869885
65.95,-0.7958119229252942,-4.887148236124896
59.65,-0.7910325911842089,-4.680129829037567
58.4,-0.7668546362280232,-4.684764485837476
56.35,-0.7469269005631965,-4.754270015350071
60.65,-0.7725537583669909,-4.776495403480682
58.0,-0.7458774455904875,-4.574343444811538
64.1,-0.7840833307663935,-4.80678457261656
63.0,-0.7790758366685284,-4.854702268511046
54.5,-0.768410087856221,-4.766525821846793
46.6,-0.7222802411809897,-4.580601094053491
58.2,-0.7839684015753106,-4.699761845710344
55.1,-0.7410663139312329,-4.809359518659699
69.85,-0.8034606322457885,-4.879695708919841
57.65,-0.7801067272406278,-4.68677793250441
58.75,-0.7720539401953269,-4.795299182922833
65.15,-0.7625395088588205,-4.815521426914762
63.4,-0.7752547540629868,-4.648984187214404
61.75,-0.7547747228459094,-4.798960847136572
57.85,-0.7830208577070469,-4.812053556029576
56.05,-0.7721214787728792,-4.714778466013247
65.0,-0.7939799472687347,-4.7418127590901715
73.95,-0.8081533787971287,-4.723861239858593
67.05,-0.8004305682042911,-4.766090993665991
54.4,-0.7579890412898375,-4.814433519000296
64.65,-0.7689203402417277,-4.614805652815637
59.8,-0.7876388051451151,-4.802993607571792
50.2,-0.7459079232685312,-4.758455864577901
49.25,-0.7505120049336147,-4.839933353362831
46.65,-0.7038968269946755,-4.755985446849187
66.2,-0.7848890946983647,-4.721309086897685
57.8,-0.7900668265000251,-4.618965149207928
59.5,-0.7644602034268846,-4.634931893741248
71.2,-0.8099592844358499,-4.713239622329251
58.0,-0.7775287894216399,-4.579464836527491
68.4,-0.8046499861403476,-4.738951852758536
73.4,-0.788372747055609,-4.573111488906314
68.75,-0.7358066427507178,-4.8288381605941435
56.5,-0.7718794664965352,-4.960042242286338
51.45,-0.7581528007111517,-4.631171787730278
65.3,-0.7779546588177471,-4.79399077362974
60.15,-0.7951268211459938,-4.853835465387624
73.4,-0.8135714618775811,-4.706821558731045
57.65,-0.7806294371519413,-4.723820091756931
60.95,-0.7675032207374975,-4.601016645586919
63.7,-0.7940932450558965,-4.746874330340598
60.15,-0.7709021732910726,-4.940380953318772
61.6,-0.7838021894226278,-4.642541483094528
61.75,-0.7511447296530901,-4.6607305496647395
57.4,-0.7542983289007525,-4.618078864301524
64.35,-0.7574723386130956,-4.530374989386699
60.6,-0.7936348129155736,-4.7249173889005425
57.9,-0.7686406765040414,-4.692512768383248
62.15,-0.8048804340575426,-4.809473961881243
51.1,-0.7558527689991894,-4.726963567727789
55.5,-0.7768109856623322,-4.707183914470021
54.55,-0.7582017594059727,-4.7935651061636015
62.3,-0.7974880004061504,-4.8109445886702344
55.6,-0.7497367233001312,-4.693343059487826
59.05,-0.7706310282912241,-4.738632587223915
68.4,-0.7921631674027783,-4.66025462781923
66.5,-0.8037677759210651,-4.58659399802298
50.3,-0.7481759362591893,-4.637555172602045
56.6,-0.7544039383371086,-4.74868398128194
48.8,-0.7504876063745638,-4.595270622566559
78.7,-0.7830658827855942,-4.634054836464132
59.4,-0.7810254792914446,-4.674745374446668
61.15,-0.7851808427202543,-4.847905605308586
51.95,-0.7294926011092561,-4.5053192747011455
60.45,-0.775219894108592,-4.578316372567443
50.6,-0.699818953521942,-4.493239488689082
59.4,-0.7443378508728244,-4.8167659182708285
57.65,-0.7773283641305072,-4.533294938195434
46.6,-0.7392326986626867,-4.706120965413806
54.4,-0.763210810076164,-4.707602261197066
51.1,-0.7263107969393628,-4.744584340752523
61.75,-0.7683670001093132,-4.90796934313664
74.9,-0.7929737975031942,-4.839871294027634
42.8,-0.7113575539769682,-4.756261186006722
76.2,-0.8156666420484042,-4.67978697334618
69.05,-0.806091329978724,-4.755007858712654
51.85,-0.7307718737132011,-4.8171093293546665
58.9,-0.7894228427192382,-4.905362927018154
58.9,-0.7297412574831587,-4.859181573264861
53.85,-0.759438025835368,-4.666598468856787
51.3,-0.7576881207832243,-4.5489316674374844
65.0,-0.7793774985726941,-4.590113005293513
61.0,-0.7480217488207452,-4.8111358811282035
55.85,-0.7482416838863024,-4.780650720928714
61.0,-0.7569232757821258,-4.433639899357839
57.5,-0.7774431492777241,-4.769525636015311
59.65,-0.7803958018291194,-4.511294140148574
65.0,-0.7892264272067425,-4.925664891276317
68.9,-0.8087745658939228,-4.875081998428473
55.6,-0.7771987238328154,-4.862622035999385
66.85,-0.7954897212428944,-4.793930068586503
61.35,-0.7868898758667815,-4.751479206127337
62.6,-0.7984311310475943,-4.751346027695544
72.1,-0.8038123888544041,-4.697058170137859
69.35,-0.8049765885535715,-4.816106872526573
64.15,-0.7603726896411083,-4.676663770124159
64.45,-0.7806743831715037,-4.752643155475297
64.0,-0.7914211169231413,-4.51743276185305
60.75,-0.7552056813903862,-4.798939445261361
58.8,-0.7568499374407487,-4.700767508546603
58.95,-0.7550140039176274,-4.3995694047823575
53.95,-0.7539699192561514,-4.580958035882494
64.25,-0.8041819518921971,-4.852418523992749
56.9,-0.7612911009462275,-4.710762992997923
62.0,-0.772471278062796,-4.682601661407271
59.35,-0.7858933230807132,-4.7887445118800915
60.5,-0.7541668365042214,-4.9706217053056925
54.7,-0.7708883044471575,-4.766698023108121
54.4,-0.7472293797925962,-4.774938845511557
54.05,-0.7592344393412416,-4.878110366197942
51.95,-0.7542165290810707,-4.758357523718439
54.1,-0.7482175419900605,-4.760721530422761
70.9,-0.7843542074064733,-4.595406809697791
59.2,-0.7718458982309256,-4.526343820878074
66.0,-0.796699337002601,-4.854972984266763
61.45,-0.7845900275141119,-4.782835525842669
62.0,-0.779961985755567,-4.681486388866586
66.5,-0.8114479402806827,-4.760810980927024
68.25,-0.8021833941922626,-4.840575027345915
56.2,-0.7528464028758474,-4.79030072636268
47.05,-0.7418132343678394,-4.71451746852386
57.65,-0.7650288220920679,-4.815845934423296
66.0,-0.7887590560959457,-4.834950684064903
54.35,-0.7576227871500281,-4.784568732375245
58.1,-0.7679893520262713,-4.805918250812271
62.5,-0.7947678365160906,-4.738592285724108
49.7,-0.7507748497674711,-4.760454193177792
57.45,-0.7598571892003424,-4.739203789057982
72.7,-0.7955654921608617,-4.799799828800185
52.15,-0.758786517407727,-4.701466157535981
63.4,-0.7803189488276787,-4.567974719981045
61.6,-0.7921766673702164,-4.788154903607884
58.25,-0.7742481774400208,-4.676016998881105
53.55,-0.749469522051394,-4.734011658330799
61.85,-0.7737251650281383,-4.517123517847061
57.2,-0.7665826855484956,-4.702138441921019
61.0,-0.7557838360888384,-4.597717725371603
52.3,-0.7355806339896412,-4.708955131844986
52.1,-0.733177887284931,-4.488250568855464
59.35,-0.7883515883310988,-4.868224443218781
61.6,-0.7873050761188757,-4.721099433475114
58.0,-0.7580220917619268,-4.652216135048215
51.0,-0.7448445528503636,-4.543974209044166
66.5,-0.7659680269136397,-4.6773849154526435
52.85,-0.7641506859666934,-4.6571673952359305
45.1,-0.6729224305898979,-4.607987463916525
71.6,-0.7894564394384451,-4.638226271365889
52.2,-0.7582842100021976,-4.538842205884554
57.6,-0.7444425911475591,-4.725977977906416
51.65,-0.7673182461127032,-4.82777012377688
64.05,-0.7709735328754495,-4.609409212945197
51.55,-0.7371367183263029,-4.570467324539143
54.25,-0.7461121884927872,-4.678335209709024
59.7,-0.7773823676816931,-4.831874792627348
59.7,-0.7608647162141731,-4.7206522911228825
57.05,-0.7612368749678613,-4.6247400630937445
60.15,-0.7525946272399133,-4.865830409697138
67.9,-0.8076484577857018,-4.703668597313937
54.25,-0.7689048556032959,-4.590612690964468
54.55,-0.7632105031603589,-4.617701598204273
60.1,-0.7936912086431224,-4.809920622086728
59.35,-0.7519827129842622,-4.557984095232205
61.75,-0.7578183708962029,-4.657246450149332
59.3,-0.763116437753551,-4.506144445340125
56.1,-0.7611358094294541,-4.575312441618439
67.2,-0.80907670387426,-4.74548749475642
58.85,-0.7975526704529065,-4.562215559856143
52.1,-0.7700465729849868,-4.757536049014818
60.15,-0.7938635303281859,-4.76748312328273
57.75,-0.7821691026191468,-4.744140253850287
49.5,-0.7512443132803556,-4.7500570615788025
69.65,-0.7902844045129112,-4.95977782533601
58.85,-0.7573513169771354,-4.919064304616917
54.7,-0.7439426618436398,-4.66570056990709
56.15,-0.7837569150835056,-4.680428838090176
49.05,-0.7548994677526009,-4.875153990469807
58.3,-0.7779732597317526,-4.7792525969029125
52.25,-0.7389817665598936,-4.777897374854016
58.45,-0.7403494182603026,-4.501598534236811
54.3,-0.7379767928077153,-4.669880231669394
57.8,-0.7624468938255241,-4.65146771935178
52.8,-0.7243493736121762,-4.735286573083398
56.15,-0.7506169653721468,-4.782913942393176
54.85,-0.7424035332491139,-4.530890173005273
46.15,-0.730500340511075,-4.509714343965198
65.45,-0.8045740505787912,-4.710134816902558
60.75,-0.731886325596406,-4.66116650529318
53.45,-0.7660237199651305,-4.7655371336167285
62.55,-0.7482660851467612,-4.619888064304411
52.8,-0.7422122638543891,-4.909792897125561
54.3,-0.7453452221581535,-4.630487829686409
69.15,-0.7967103681522192,-4.73670617766417
52.45,-0.7446337492456272,-4.577266978040512
63.45,-0.7907952061407086,-4.839993360040603
63.4,-0.7699352175533161,-4.659855299769937
72.95,-0.8132075654945476,-4.775009823782691
67.55,-0.7852514318740452,-4.6780153145920425
