136.3,-0.8904425964855406,-0.0031753325668968367
203.5,-0.9308710558517352,-0.011315654155881922
163.6,-0.9166465001220268,-0.020081468503285776
158.85,-0.8725861080752318,-0.027469952732278556
215.45,-0.9325850779160476,-0.03667815342761003
102.5,-0.8414034143748355,-0.04480780689918294
194.65,-0.9234741864187395,-0.0512971273270722
171.7,-0.9107056989619629,-0.060647086992071705
176.4,-0.9107620902780086,-0.06920626850345916
188.7,-0.9214111763175611,-0.07764406448297527
147.7,-0.8998017429358189,-0.08414489492219089
168.0,-0.9122584703067205,-0.09311483395187709
199.85,-0.8989140924160812,-0.09969471129638209
148.55,-0.9026133142900115,-0.11148121591334445
155.1,-0.9005507672985281,-0.11834283948021933
156.2,-0.8951700710981048,-0.1249475543433737
162.25,-0.8997391621040117,-0.13372556506066585
134.0,-0.8984535305642481,-0.1416207477107803
151.1,-0.9094753953844403,-0.14689586070953609
140.8,-0.9041474140071826,-0.15466371632197246
142.15,-0.8946077375361103,-0.1627483927598884
125.95,-0.8850429758203269,-0.1670097634667766
163.65,-0.9121977450379012,-0.17431910284002305
140.9,-0.871186800208898,-0.18305510220522775
127.25,-0.8885539873230794,-0.1867698234955819
133.25,-0.8309675658453282,-0.19153249160268088
150.6,-0.9148547546899117,-0.20122841391101765
152.95,-0.8993204209431003,-0.20785987308422132
168.15,-0.909802951679317,-0.2173686629054302
148.05,-0.9143148140489961,-0.22331864637455662
132.45,-0.8697702795307253,-0.2279716031266769
136.95,-0.8854369534019106,-0.23774131924524217
166.5,-0.9200918627505977,-0.24289604032341372
160.75,-0.9161537609444912,-0.25192409395485976
167.05,-0.9018117434033239,-0.25968510557506985
174.85,-0.9058322887237373,-0.26838130044666986
175.55,-0.914863361131123,-0.2760908532777728
140.2,-0.9046280777564121,-0.28423981204708154
116.85,-0.8847532694023965,-0.292339875464659
135.9,-0.905806567477967,-0.29831510133366346
130.7,-0.8794195606151757,-0.2981106390894904
129.95,-0.880436743634023,-0.30726442027780687
153.1,-0.9070837837869288,-0.32102380869453184
143.75,-0.90657287393447,-0.325919942476755
149.7,-0.897275499073005,-0.33220471698440507
189.5,-0.9245889377843725,-0.33951138895611804
132.45,-0.892736165940773,-0.3472411788691766
133.3,-0.8858992027919147,-0.35294619470027655
142.6,-0.9063683437055389,-0.3616156683380315
127.35,-0.8860535011426276,-0.3686469354284259
134.05,-0.893521148165709,-0.3744911816988417
129.9,-0.8855193039561108,-0.3768009548535486
143.75,-0.909143864820738,-0.38479768823844657
120.8,-0.8834969532548709,-0.38901305273081266
144.75,-0.9034546802994481,-0.4000578904877899
131.75,-0.8797410647670892,-0.41200551378897954
105.7,-0.8664029096254572,-0.40534286987411416
155.65,-0.9084404039899712,-0.41977344302162595
133.55,-0.8891935992888366,-0.42786804823280766
163.55,-0.9152620031601895,-0.43043396099672365
154.35,-0.9031802492058907,-0.44202577532726073
136.8,-0.8944095927624385,-0.4423967295923016
125.4,-0.8806635356533997,-0.449406991237389
136.9,-0.8905212344831274,-0.4579135744544657
145.25,-0.917055559268972,-0.46312281826732093
153.2,-0.8963558103729762,-0.46777940330301443
133.4,-0.8768934771906505,-0.4760291579231385
121.35,-0.8676049092745954,-0.4831283821770412
119.3,-0.8823921152941946,-0.49193058362566927
126.4,-0.9013450732450428,-0.4981088361573739
133.7,-0.8906766029461479,-0.5000142643148738
122.15,-0.8837805842386317,-0.5035041711860304
127.85,-0.8878223602164012,-0.5139113927467409
128.25,-0.8769631828181133,-0.5144273052728561
110.75,-0.8772002038066417,-0.5195355399260528
115.15,-0.868832831454861,-0.5266892690671151
158.85,-0.922741761456374,-0.5344144434581508
133.5,-0.9021273656835185,-0.5441784802737231
152.75,-0.9153152429715308,-0.5513214503234869
139.75,-0.8801749837546067,-0.5560895894910719
100.75,-0.867109599513381,-0.5612900764540718
119.45,-0.8778635269329407,-0.5607421309238723
146.85,-0.8982735563573744,-0.569083436936835
132.05,-0.8861006055937126,-0.579647800600189
129.3,-0.8852638991271187,-0.5863441322649523
113.0,-0.862766457616136,-0.5974431003933712
97.25,-0.852036224437637,-0.5931997783247818
138.95,-0.8919749081177322,-0.5915766335875307
120.95,-0.893355933588184,-0.6037077536523864
121.1,-0.8885364626681864,-0.6090331283047102
127.6,-0.8839809904189158,-0.6145737045286641
115.2,-0.8802902811052995,-0.6226506309069288
110.1,-0.8626293916938141,-0.6235541634909388
129.3,-0.8953328644611795,-0.634581270679979
124.4,-0.8948172296267135,-0.6418518904223518
147.05,-0.9065154311736752,-0.6512817861427862
131.6,-0.8799686750970197,-0.6504511527632764
101.65,-0.8713177460096718,-0.6555701707998902
114.55,-0.8780672164948913,-0.6504582398845019
138.15,-0.9020405029650652,-0.6652708006371476
96.15,-0.8279859257180181,-0.6624627114173459
136.25,-0.8534735123502888,-0.6786070205819772
126.6,-0.8911864675492505,-0.6897602646588774
98.75,-0.857970902256951,-0.6797111851806421
163.7,-0.9165160628124159,-0.7028385244680678
119.5,-0.8780469894216469,-0.7052142555763443
125.35,-0.8853059851681087,-0.7141742537655305
111.1,-0.8622097343963624,-0.7150411673609163
93.65,-0.8648666625154291,-0.709830312683801
131.55,-0.8849287720814714,-0.7187120147462196
119.85,-0.8874213732253603,-0.7226007133659923
134.95,-0.8971348295580134,-0.7390779692129099
121.3,-0.8910921717161783,-0.7379507149767303
120.0,-0.8682370516426687,-0.7475217265861172
107.4,-0.8784022615557449,-0.7503702966037054
137.8,-0.8894445239831255,-0.7518943912990641
109.95,-0.8846116200667755,-0.7685552052515767
115.9,-0.8811713343077685,-0.7667100478602049
92.6,-0.8614557325178775,-0.7769942207489514
128.85,-0.8932520733238107,-0.7793522220771185
106.4,-0.8822725084983263,-0.7853829036537339
117.8,-0.8693367388889746,-0.7786588195981942
130.0,-0.8925661264621094,-0.7897827518986883
123.5,-0.8811708689963311,-0.8052627680128733
102.0,-0.8714845695014807,-0.8069197374180817
131.9,-0.8798075882532503,-0.8034107847983429
115.6,-0.8762877064818188,-0.8255680511418261
142.1,-0.8865765789046887,-0.8137456472471836
110.05,-0.8608039387506621,-0.8264445749501028
127.85,-0.890079042330642,-0.8417993529331929
117.35,-0.8909111937196084,-0.8384788379848181
142.95,-0.8877027075267165,-0.8434412435232128
111.8,-0.8741380373301245,-0.8547573856092647
98.5,-0.8525990534643972,-0.8475556491432836
96.35,-0.8549208231662064,-0.8463533345137882
116.0,-0.884413729206574,-0.8641244179039275
123.5,-0.8769063968834387,-0.8694930698682203
101.55,-0.870943783336488,-0.8643537876562053
101.9,-0.8534342978078373,-0.8725763824272803
106.0,-0.8591186755823589,-0.8752186472080448
125.8,-0.8841164486607855,-0.8917336429574991
108.15,-0.8681923004207122,-0.8781671872752916
103.5,-0.8500453505800338,-0.89292836182948
98.2,-0.8703169056408477,-0.9010850796377561
117.0,-0.8689571768396227,-0.9052814670604278
109.0,-0.8594551353844576,-0.902053017702609
97.95,-0.8639298856272184,-0.9102186146872686
142.65,-0.8902205235231435,-0.9176689868710579
125.55,-0.8874042327503668,-0.9259817958397598
85.7,-0.8346666935110967,-0.9135965575275502
121.65,-0.8790346671188869,-0.9253698388339584
104.95,-0.860632655930256,-0.9360146456558349
107.45,-0.864613038327809,-0.9379342953185006
107.75,-0.8515798316144103,-0.9472091519451651
104.65,-0.8704042749379127,-0.9582506323351783
123.5,-0.8785318252217639,-0.9536410762901705
89.55,-0.8516406380071324,-0.955476912680148
80.35,-0.8307269137680908,-0.961992253060103
110.3,-0.8677010801454619,-0.9604780721026465
96.75,-0.8663988466953206,-0.9710786969640587
127.65,-0.8913415655261044,-0.9804468574180273
118.3,-0.8898016367030583,-0.9957874274718227
94.55,-0.8557154202650089,-0.9926485589209599
121.15,-0.8765502174432742,-1.0051067976449888
94.5,-0.8456677607537619,-0.9881514933138513
126.05,-0.8937697560919471,-0.9988823131760876
92.65,-0.8486705871282115,-1.0003846601804487
128.0,-0.8251198291098574,-0.9896030006765608
107.55,-0.8731047689848956,-1.0121464606188053
123.05,-0.8720718707366861,-1.0292403538061516
108.25,-0.8785904433548062,-1.0339693164576658
94.7,-0.8517773863744817,-1.0373416606137702
103.45,-0.8630814975222467,-1.0456970767871208
106.95,-0.881361108589175,-1.0457401161904483
106.2,-0.8697399754360233,-1.0539575336172557
98.15,-0.8605998763832652,-1.047358592513787
95.0,-0.8671892775935357,-1.0426018431627795
115.35,-0.8485895570563784,-1.0708719711042687
104.1,-0.8520879210285977,-1.0617778940929883
100.4,-0.8520081970216514,-1.0699561915309108
130.55,-0.8866203011552065,-1.0853483582335166
94.7,-0.8382918367172113,-1.0732556326937277
121.45,-0.8840256368212481,-1.0922121372432183
125.6,-0.9022812764422561,-1.09772830170944
100.5,-0.8581871752278136,-1.1032480768249386
103.2,-0.8623039959239595,-1.104199291503369
115.75,-0.8633321352939463,-1.096524163993491
116.4,-0.8584464764562748,-1.1065410564044675
92.35,-0.8425356740626638,-1.1030637676897999
117.1,-0.8932710522093874,-1.1068890854472495
111.2,-0.8775842194469835,-1.1102852111260717
135.65,-0.8965441815254069,-1.1308593813626335
108.1,-0.8755056271331707,-1.1344443581497028
82.95,-0.8223412403529483,-1.1410251456118492
75.15,-0.771554420401696,-1.1291287868656237
90.8,-0.8547444803579977,-1.151802144082984
117.45,-0.8754590390642351,-1.1447618816929666
85.95,-0.8389828515623347,-1.161931458662683
106.65,-0.8783262150978848,-1.1670489482783886
108.0,-0.8693061532004253,-1.1779985826943626
110.35,-0.8573750253216961,-1.1655719802575655
91.9,-0.801533418426725,-1.1784479756280848
91.75,-0.8560557982090714,-1.1790299792661159
129.05,-0.8817700988323358,-1.178959750471092
114.5,-0.8531316787333427,-1.1799939201540934
93.8,-0.857970731223013,-1.1944970327952042
94.65,-0.8588668558569971,-1.1953533780709065
100.75,-0.8677979339866033,-1.2042635052083628
111.05,-0.8791478466251001,-1.1926349488504693
84.35,-0.824493887011255,-1.1929091205761349
102.4,-0.8754998002487232,-1.2159165726365864
88.35,-0.8485010298406795,-1.2096109510971995
99.2,-0.8374194647653443,-1.2118555063218226
102.45,-0.865757947052848,-1.2302481343988885
83.75,-0.8294649511088823,-1.2256833673754854
92.2,-0.8417057281938527,-1.239569131288154
96.3,-0.8338399793172426,-1.232388028639597
81.75,-0.8084563792700294,-1.2319919810762385
103.4,-0.8646461365169683,-1.2442298842574413
115.2,-0.8855358936468768,-1.2462178833647914
95.85,-0.8429011910979245,-1.2311857236316481
85.95,-0.8224839447104386,-1.2566002026850387
91.95,-0.8653612823572203,-1.273425982608001
109.3,-0.8741399207477926,-1.2699613342315703
100.2,-0.8682691647849818,-1.2641626531964891
92.2,-0.8479972317558928,-1.268779889330166
100.05,-0.8578462937034412,-1.2721308079415286
89.95,-0.832430276556218,-1.2875816064102135
89.15,-0.8213594948818803,-1.2905684607038286
92.35,-0.844760207090958,-1.2795874858315799
111.5,-0.8672556566289169,-1.2899591206921657
97.2,-0.8465914178155624,-1.285818118288239
81.7,-0.8287819014974082,-1.2859326950616943
90.75,-0.844053043202002,-1.2990224134920416
98.5,-0.8353661013647844,-1.3101865821631482
74.25,-0.8058846632585658,-1.3015338305240367
95.3,-0.864273162221212,-1.295334737008581
106.25,-0.8716846695343833,-1.320991602878625
88.3,-0.8655969859072827,-1.32649460692559
86.55,-0.8353905844608318,-1.3118473610141579
114.75,-0.8903690987874828,-1.347046203252952
99.45,-0.8578888434666098,-1.3360511154126693
90.3,-0.8529193389679331,-1.3601652575127043
83.65,-0.845152727391992,-1.353970313319697
87.95,-0.8578498784053673,-1.340271244240192
82.4,-0.8443954967084526,-1.3302780191793095
88.55,-0.8520109035986078,-1.3479800252821041
85.2,-0.8050290871123661,-1.364624196089612
88.2,-0.8566819714174206,-1.3521760766836295
93.9,-0.8483891424018637,-1.3616721721392921
85.55,-0.8381159731746456,-1.3750106611868114
94.5,-0.8601480004646967,-1.3624216000737603
96.95,-0.8684355601052001,-1.37855045488411
81.15,-0.8020881199900327,-1.3912917650113727
99.8,-0.8640647648064494,-1.3709875921667423
83.45,-0.8246751170333745,-1.3878216064203575
75.95,-0.8367188851703713,-1.3728521616417901
93.4,-0.8375912112671893,-1.3828846661049432
83.9,-0.8365503357820419,-1.3993632545687784
73.0,-0.7931277362708048,-1.381897035193548
65.6,-0.7871942734191517,-1.3873708476201831
71.75,-0.7813411105944512,-1.4044300560406133
93.0,-0.8509750608278956,-1.4091204460127889
106.9,-0.8714175520795336,-1.4204339308952425
90.75,-0.8241206464674139,-1.4221599809922216
85.95,-0.8340679116863873,-1.4181240572268057
91.95,-0.801859529236267,-1.4178623426834298
70.35,-0.8263372681153329,-1.436196995798996
75.4,-0.7735155011718585,-1.4308014118752648
90.9,-0.8380212956278108,-1.4397774784389346
78.25,-0.8266483627028558,-1.422798027196462
91.1,-0.8330682732900833,-1.4268867522148139
93.9,-0.8514027436585474,-1.4419163881758252
94.85,-0.8453547381931183,-1.4526298912742117
87.35,-0.817507688754778,-1.4450291814173521
88.5,-0.8021388086103511,-1.4434834285602431
87.0,-0.849556385905142,-1.470072017354252
70.8,-0.8235075344079684,-1.446741582419044
103.15,-0.8591151113709715,-1.4683334471826603
92.6,-0.8193287060476264,-1.4601001227009973
97.45,-0.7736120683883276,-1.4768157124162902
67.6,-0.8002951117792143,-1.45243886212362
74.55,-0.8257528235368424,-1.4761796980008053
68.4,-0.8143802611175903,-1.4867213414645706
93.7,-0.82747889701336,-1.4570647937056314
96.2,-0.8623308950865368,-1.4856704429366903
72.2,-0.8271215728741211,-1.479848113415024
75.85,-0.8204704791607129,-1.4809096939211748
87.2,-0.8351276320612829,-1.4988091005673927
78.3,-0.8279998899207843,-1.4849708031973188
78.1,-0.8263077659648028,-1.478075800920913
75.7,-0.8215322238424714,-1.4953306251859428
77.1,-0.8215611199333367,-1.5054650023943976
74.35,-0.8329915752424549,-1.488524543543838
72.1,-0.80645077114724,-1.506342960970474
75.95,-0.7798720266710653,-1.490242696295423
81.25,-0.8469410639744763,-1.5065711542229532
80.75,-0.8173362200279446,-1.5440666979416997
71.2,-0.8105061578631428,-1.4982223468302949
89.9,-0.8548515182960452,-1.525596590846104
84.5,-0.8395568135530181,-1.5432457855731072
73.55,-0.8143564160161947,-1.5095410513986878
88.1,-0.8461087598435235,-1.5385453982683306
86.05,-0.8455859055025396,-1.5412670348668376
85.75,-0.8408456791265545,-1.5387387641583394
92.7,-0.8594038887170952,-1.5427489419815905
91.25,-0.827589944563661,-1.534563720047461
83.3,-0.7940430989226641,-1.5486369141056229
75.15,-0.8113590882937709,-1.5609446279715704
106.8,-0.86501171004365,-1.5806298324229087
78.8,-0.816260862242703,-1.5538420622390618
98.1,-0.8486939849415901,-1.5632727644073188
77.55,-0.8056695898459031,-1.5586071319337043
69.8,-0.785262423098297,-1.5776969059817763
74.75,-0.8242365449176676,-1.5651856775383455
67.5,-0.8082457448732565,-1.5566059144355626
93.0,-0.8480380686929022,-1.563702836603595
92.2,-0.864202200229756,-1.582780184550306
77.2,-0.8340611689490723,-1.5813546963953549
67.45,-0.8150876684898233,-1.589880799318767
68.2,-0.7792557748288326,-1.5836460672024437
81.05,-0.8183981427233092,-1.5767934754395054
84.0,-0.8324213163526586,-1.5944016833043855
72.75,-0.7906292994404059,-1.5939634813679944
61.45,-0.7976603927331462,-1.5987383349690174
80.7,-0.8296283796673636,-1.617611518785567
97.35,-0.8442925454264358,-1.6146219048152237
71.3,-0.8113843956213469,-1.6138521702345572
84.55,-0.8118093685256899,-1.5943298899767888
85.0,-0.8456397716609297,-1.62551542489728
69.85,-0.7810044676107478,-1.5987929800793323
63.9,-0.7898262504160114,-1.6435580884732695
84.2,-0.8409320154177038,-1.6229255010761245
85.35,-0.8408525707688504,-1.6316045960977186
66.3,-0.8047831741009567,-1.6335665542446882
77.25,-0.8138275504715351,-1.653450884089303
75.85,-0.8406251027320266,-1.6659086325288741
82.5,-0.827359839084699,-1.6559145316377684
75.45,-0.8457687962480145,-1.6554509012226473
93.2,-0.852868769874271,-1.6421302374795275
88.55,-0.851840074229673,-1.653641452627849
75.0,-0.8234472837730195,-1.65915562186705
79.15,-0.8169257044468609,-1.6568774621200437
75.8,-0.8122964045999165,-1.6525208547272325
65.4,-0.7911729431347913,-1.6555955341239774
81.2,-0.8419434708222369,-1.6614655189456833
86.35,-0.8478627244593471,-1.649446817192833
90.05,-0.8322813396339297,-1.6728655971827002
78.15,-0.8166655463819673,-1.6701300998704933
78.9,-0.8332694780525266,-1.653849052663825
76.35,-0.8256050185205799,-1.6772313537215482
75.95,-0.8283039831014577,-1.6864507137964906
83.45,-0.8365938302471603,-1.664315469707606
82.9,-0.8161300965910947,-1.685247964012185
83.8,-0.8366757323237344,-1.686290839769305
67.15,-0.7890278478592944,-1.6784456841468263
61.8,-0.7855019317298607,-1.6933541636837195
73.0,-0.8118751542157066,-1.6998194964604934
64.3,-0.779112973373638,-1.6785298617644522
62.95,-0.7843575299089218,-1.682700800689289
80.4,-0.829194469569323,-1.7029799947300872
72.6,-0.8187872560020043,-1.7176774939672144
65.55,-0.7943389462278322,-1.7082434522103902
80.3,-0.8401055223289319,-1.6939158391446416
79.25,-0.8249304928615967,-1.7103227681071655
65.65,-0.7991411577842811,-1.7171946843874981
71.95,-0.8168314635507092,-1.7312015190517744
82.8,-0.831906019892388,-1.7491613838186768
57.1,-0.7825456951820873,-1.7201618125384346
75.3,-0.8065441128417354,-1.743441605947919
68.1,-0.8030203305161321,-1.7152552878463438
79.05,-0.8309022563843621,-1.7424940001449225
84.95,-0.8480102763101707,-1.7418550710296945
66.8,-0.8051877589116883,-1.7404078473801463
54.5,-0.7539203363318627,-1.728987084230535
70.3,-0.803440745676213,-1.7303690342383522
76.15,-0.8164820885093658,-1.7352848347883107
70.35,-0.8003560510940979,-1.7530923744898792
67.8,-0.8100790761801662,-1.753831545479628
61.65,-0.7733898703534,-1.7193628604815914
68.6,-0.8117490448634881,-1.7420410790726149
65.3,-0.7700019980965235,-1.7474127777480395
69.1,-0.7849881565434651,-1.7771671640915507
80.55,-0.8176033228758405,-1.76825706263291
72.1,-0.8272292367255745,-1.7797104858242352
70.95,-0.8000071166486948,-1.7501865886759507
68.55,-0.8045362815773787,-1.795013838031736
76.65,-0.8369585077823192,-1.780033414246693
78.75,-0.8150586141586335,-1.7724510316812108
64.9,-0.8028110707735662,-1.754244495163217
65.1,-0.7859119949216551,-1.778549701725614
61.8,-0.7903168685007815,-1.7777281484891962
65.9,-0.7972938629510767,-1.804404758036986
69.55,-0.8065474115083952,-1.7656206582202654
67.3,-0.7989544999633496,-1.7788179074670605
60.4,-0.7934689994563323,-1.7842603549716611
76.45,-0.8217060523108225,-1.7659510782299468
73.05,-0.8326891649280022,-1.8192227410915454
75.2,-0.8269763343953859,-1.7947465481605849
78.05,-0.8219225347992916,-1.7972008830221888
63.25,-0.7937183261775955,-1.812228644171699
65.1,-0.7971299237893408,-1.8200687048044941
71.55,-0.8315335340319508,-1.8224828458539393
66.05,-0.7810317545114509,-1.8255617870412746
78.8,-0.8246210972648662,-1.81945016433705
71.25,-0.8134203135307893,-1.8129218527795978
74.0,-0.8336280573322788,-1.83715727370311
65.0,-0.7966279507543674,-1.8197396871797018
82.25,-0.8173891503807846,-1.8367544612485769
64.55,-0.7992761294216344,-1.8189613198029455
63.0,-0.7912093999421412,-1.8225597769025346
70.75,-0.8139238886904752,-1.8447708340619127
74.35,-0.8268139139400826,-1.8538396993488848
66.45,-0.7824079914599851,-1.8288235747551371
71.2,-0.8252259640735211,-1.8608153913777674
61.0,-0.7820314076292743,-1.8232765185617723
65.65,-0.8094119736000565,-1.8253669265275498
71.95,-0.8201027474939965,-1.8470668119403846
72.6,-0.7827005701579929,-1.843581581160424
75.35,-0.801147694613249,-1.878338362226393
66.15,-0.791503666072866,-1.8186843573877494
55.3,-0.7553749966773713,-1.827803742646164
64.15,-0.7937553862317677,-1.8375739752997464
71.15,-0.8146125177766793,-1.8354854222501693
73.55,-0.8170758574126822,-1.8599045462403203
71.3,-0.7999699949693835,-1.8561593379693435
68.85,-0.8181536446475854,-1.8685385913076178
65.3,-0.7844538077796053,-1.8689270185810791
73.05,-0.8025145242123598,-1.880609110839543
66.2,-0.7954271331648276,-1.880197024295557
67.55,-0.79569375799598,-1.8691971720703886
62.2,-0.7503705023707156,-1.870070918229586
64.85,-0.8109270203340759,-1.908786871665939
60.15,-0.7851632434934378,-1.8363832699944616
68.55,-0.8133658875293568,-1.9153037207422376
76.15,-0.8195951601205621,-1.889999074464487
59.5,-0.794824761418983,-1.9020890075354675
68.15,-0.8027094782879935,-1.86300107907442
69.55,-0.8196147576767491,-1.8936212363527236
57.4,-0.7541851277495444,-1.9117848599378067
71.8,-0.8218199828768545,-1.8854307541245103
64.9,-0.8084198457853038,-1.87327306631868
60.25,-0.7789042509647809,-1.8971262630983694
59.8,-0.7764236315359905,-1.8877844511194106
55.95,-0.7810038996353701,-1.879829977540215
55.8,-0.7787697261740499,-1.9437027180579505
68.2,-0.7887754221570835,-1.9062329854255065
65.8,-0.7954738409435322,-1.9286680744666036
68.95,-0.796758676851305,-1.8859502810607687
66.0,-0.8086817865907318,-1.9195314909399734
59.85,-0.7467908997706354,-1.9142452718397582
60.85,-0.8012756745997057,-1.9245536221432737
55.75,-0.7574260981962324,-1.9198708153477764
67.7,-0.8184869237718381,-1.9240001861368363
56.55,-0.7716733108711512,-1.8918178940159485
58.9,-0.7674858374494671,-1.9311959722569907
54.15,-0.7726400211547293,-1.9059786830308199
64.2,-0.8085533830632421,-1.918327538947682
58.3,-0.7478926344268826,-1.9033074234450453
66.05,-0.7745111159833574,-1.8950446727559698
69.45,-0.8084212838461872,-1.9002523141037677
66.25,-0.7943284409954453,-1.9350766987524053
56.4,-0.7697134022110451,-1.9432907315277632
71.4,-0.8220232179210243,-1.9490479489650685
63.75,-0.7965281626426116,-1.9347424921277843
75.6,-0.8204396168157828,-1.9398993643778166
59.95,-0.779186691704726,-1.9149992190882656
60.55,-0.7774889155812492,-1.9579469157165263
53.25,-0.7528977911931141,-1.9544907371285827
56.6,-0.7275153128116123,-1.9582132440932374
70.75,-0.7985128456245475,-1.932998476559921
59.75,-0.7900834338971674,-1.9086187504904433
79.0,-0.821756444741699,-1.9774373742271087
62.15,-0.7688359436752543,-1.9490285528914744
69.7,-0.805540357561976,-1.9350007609478965
65.45,-0.8032071024676775,-1.9796980063058343
77.1,-0.8412788113250501,-1.9761477305006374
66.0,-0.788957580569482,-1.9876328800999539
70.0,-0.81537328163749,-1.9846911220727033
57.25,-0.7756393622470577,-1.9981239222515015
51.1,-0.7628591946754426,-1.968664583791267
76.25,-0.8291475032180028,-1.983253645292875
64.15,-0.7755351581851503,-2.0173335634098604
65.4,-0.8000231757558666,-1.9612840968996448
65.4,-0.8025496317400149,-1.9706665492890536
62.65,-0.7724962506798856,-1.9909390199437926
60.0,-0.7427741458360468,-1.9986834459135558
67.3,-0.8007491058620086,-2.0113549789778866
61.8,-0.7837250825815205,-2.0288659565482314
59.65,-0.7440176350143013,-2.017705139823849
62.75,-0.7937283137384077,-2.0244376419877965
67.55,-0.797076625582745,-2.0039623984153314
60.7,-0.78199038641453,-2.004485143067945
69.8,-0.8049186581807065,-2.000738770609701
56.15,-0.7719213044616514,-1.9952602802463297
59.65,-0.7671378095708485,-1.9849994792274568
70.8,-0.8241192229994677,-2.0031925192257707
59.25,-0.7622026275328004,-1.9727152720553776
64.95,-0.76597580518969,-1.9680628050727258
65.3,-0.7705893306419799,-2.018941125389467
57.6,-0.7809835610132972,-2.002887926643597
63.45,-0.8014367775096931,-2.050498484497261
57.05,-0.7876137233069411,-2.0154362206847436
74.35,-0.7982234005450091,-1.9986601563841524
62.9,-0.7884802328879881,-2.0319734131866967
61.9,-0.790803725389605,-2.016763212271564
58.6,-0.773132303850329,-2.012485358550405
82.25,-0.8417176119683905,-2.046765879142309
66.75,-0.8111699901585598,-2.037663698275845
63.35,-0.6905575603317047,-2.036996383091241
63.75,-0.8037896850898655,-2.0656744963485516
65.05,-0.8090747313842218,-2.0609903809865666
59.05,-0.7562377176569026,-2.049275260984593
60.55,-0.779597426124614,-2.062842541078033
65.95,-0.7832809509929278,-2.0571946982652323
52.45,-0.7604789766189158,-2.046403174341382
54.9,-0.760963478627011,-2.053278370689629
56.7,-0.7764403681965184,-2.04831119651356
51.4,-0.7202855541780782,-2.055530364811226
60.0,-0.7924465779932075,-2.0672820094250395
70.05,-0.7931381066453105,-2.045677038454699
56.25,-0.7470959690611373,-2.068403188054565
53.8,-0.7644524763784786,-2.088642813653543
65.45,-0.7962923153645295,-2.0799050896756746
52.05,-0.7448315762797938,-2.0503595157136765
60.85,-0.7857520975347517,-2.090968806541675
56.45,-0.7501307328977271,-2.080990531209272
50.0,-0.7246319017519778,-2.0417732361590097
65.6,-0.8027543963560213,-2.05871734473877
53.9,-0.7663105937313123,-2.0756200640450455
61.7,-0.7627055431138501,-2.0721637821790244
65.0,-0.7919073123092224,-2.0604695338320966
71.55,-0.8181995234332413,-2.0674112106165197
71.4,-0.7905605178092714,-2.122131008286785
49.3,-0.7240949564873367,-2.0669772050866233
67.9,-0.8156859012949725,-2.0943015682812365
58.4,-0.7754267508723169,-2.0705845955742435
78.7,-0.8336564337344686,-2.110986680795964
51.75,-0.7608605485158491,-2.0922042012499924
52.6,-0.7622273624765523,-2.0850095796073087
58.55,-0.76376115008879,-2.1008622568121043
62.5,-0.8025682714015148,-2.106668656565777
56.9,-0.7615118866985984,-2.117380201394841
54.8,-0.7740467999984617,-2.112670736078075
59.45,-0.7850444641635443,-2.0963580077768933
58.95,-0.7898391738245621,-2.0712610092124137
68.2,-0.8170468363270587,-2.138604817443775
57.35,-0.7487192028875533,-2.1028966379949168
64.7,-0.8161956944391958,-2.104619671322292
58.65,-0.7534686228755818,-2.125994204185373
55.3,-0.7717035386428744,-2.101685762703761
67.2,-0.793825869580167,-2.0821829477977256
61.05,-0.7968821954237422,-2.139415840386838
64.85,-0.7816768759051802,-2.151195823586941
60.0,-0.78205095466588,-2.110202240875064
62.9,-0.7921816419064085,-2.139434330322573
57.8,-0.7876378183855846,-2.141614202376842
61.25,-0.79169926730046,-2.1533343998648937
50.95,-0.7580868816926778,-2.1326400794639895
65.25,-0.7649470650142813,-2.150322473595274
65.7,-0.7909802929240284,-2.1312012388664208
71.5,-0.7942790553584553,-2.1549299706872937
65.85,-0.7943902365607709,-2.1627891434585065
59.55,-0.7829495894905547,-2.1368772760815227
71.85,-0.8076726665446825,-2.1445228568989885
57.9,-0.7642882481783997,-2.152454287229813
47.9,-0.7424867198789455,-2.101169493755628
56.1,-0.7786772427191766,-2.114043313708053
50.8,-0.7446440360885289,-2.159438061843335
60.15,-0.7647252832357146,-2.1321978692131225
61.0,-0.7727613430322899,-2.1255817026971373
60.45,-0.7782873622448918,-2.1743942992692027
61.25,-0.7886858542860538,-2.1432538573913056
62.1,-0.7967495014341395,-2.201871910102281
62.15,-0.7919587559237633,-2.143069503134662
58.15,-0.7730261579362978,-2.137452816537202
64.55,-0.8021836382844396,-2.136839216524287
56.85,-0.7636228274837642,-2.1423622472347206
64.75,-0.7808814567568183,-2.1760478668648418
55.45,-0.763254205255926,-2.162133046394441
62.2,-0.8012290174347584,-2.161542281522752
61.55,-0.7631443428761486,-2.19608195126606
66.1,-0.8093511806979004,-2.1876589966915643
57.9,-0.7855749011345292,-2.1704821725193506
66.5,-0.8060753153034845,-2.1528849373541172
60.7,-0.7969370287946957,-2.172577732101368
55.05,-0.7544292869898694,-2.1786459627097075
61.0,-0.7576225225864526,-2.1646944877741348
58.75,-0.7786324018779288,-2.2052125502067277
55.8,-0.7501707285738696,-2.167605844665128
57.45,-0.7301469055887276,-2.2394068059563064
59.4,-0.785815112757976,-2.2347732075167133
67.95,-0.8243392401011566,-2.2447998483197753
61.85,-0.7366103107518926,-2.2173708758531143
60.2,-0.7674080025960126,-2.205985528924802
51.45,-0.752329450199707,-2.2178627315590793
48.35,-0.7381002405243532,-2.1881133708435616
64.1,-0.7916621201158861,-2.2032829115030808
65.45,-0.7867729368942623,-2.1934606824621885
61.4,-0.7773509849808395,-2.213752846331113
59.0,-0.7912328743334579,-2.1864975535660305
54.55,-0.7672332637875159,-2.2314826200843916
50.4,-0.7496118018981254,-2.202320628490978
65.6,-0.797654155941769,-2.222774068954134
66.95,-0.7788515646537433,-2.209385640571694
61.25,-0.7548484888692166,-2.2591404017627075
69.9,-0.802669058449411,-2.2023899881439126
59.15,-0.7882952284313168,-2.213447018451391
48.3,-0.7299861344094478,-2.2071283883053026
54.8,-0.746268607150995,-2.217195858346277
63.4,-0.8155702692622858,-2.2155638263473216
63.0,-0.7660729818386172,-2.2497300551421113
53.45,-0.7384294333837459,-2.2019416502139046
55.7,-0.7497832975903679,-2.2354242233085206
60.8,-0.7968556967566492,-2.263990466865172
46.95,-0.7329695483324464,-2.2363438625657075
64.15,-0.7862526882490786,-2.276389783393695
54.15,-0.7313076169750317,-2.220085906797827
60.5,-0.7932362645695473,-2.2408671418110666
58.0,-0.7744811716061177,-2.237720952709222
63.55,-0.7827993976236699,-2.2843797785038107
50.6,-0.7266986677111446,-2.2129461438108593
53.55,-0.755943337967087,-2.2688638614225423
51.85,-0.7645381630496492,-2.2035040279624925
57.3,-0.7718700057582033,-2.2468014938769536
72.95,-0.8215657947320654,-2.2644341103906607
76.95,-0.7938638250900263,-2.2396712757597763
52.35,-0.7667217012008063,-2.265011644909582
53.8,-0.7269105129652554,-2.2703772302505447
56.2,-0.7791143611116119,-2.2292075097676998
57.35,-0.78311776441565,-2.283953808515376
61.15,-0.7901348254721516,-2.2618266523829513
56.05,-0.749036300573914,-2.25672070530495
61.65,-0.800112505476123,-2.240935036845162
53.85,-0.7777349521853559,-2.2592443342937907
52.55,-0.7694567451237282,-2.2659914006324
58.7,-0.7886627005467322,-2.2544185670469594
62.1,-0.7958982716060176,-2.2537783520046375
58.05,-0.7822351404489633,-2.2847750207250974
51.2,-0.74262343765799,-2.2732942883260314
64.55,-0.7965273068143106,-2.263167382104561
60.45,-0.7860967553210707,-2.2684209366526984
56.1,-0.7576033338139404,-2.2840472326012895
53.75,-0.7764179107368442,-2.2545765670378577
64.3,-0.8138601786204351,-2.2894164441888476
50.1,-0.7365782043665041,-2.2488780742126435
50.7,-0.7536220118914105,-2.2912368616549523
50.25,-0.7643574817026395,-2.266159861649091
58.5,-0.7691100089307359,-2.264120159197341
61.6,-0.7726434416584438,-2.286548170457186
58.45,-0.7700436204838911,-2.3062084843949284
60.6,-0.7898598446829099,-2.2832009225481045
55.45,-0.7723872783011521,-2.284874767819221
51.25,-0.7134148407477398,-2.284276914351354
57.7,-0.7804557813714595,-2.267779149662446
55.75,-0.7663205847593263,-2.286797504899602
50.1,-0.7352253552738869,-2.247048799437611
59.65,-0.7739107381686985,-2.3071489929458897
48.4,-0.7383799505343618,-2.3344510979525737
54.45,-0.7726850268931598,-2.335144566184305
53.6,-0.7484301663153983,-2.3013428013156467
60.15,-0.7528519919823,-2.3073474942861623
57.8,-0.764912566846339,-2.2841374944071644
55.35,-0.7508606151776592,-2.251090160448706
50.8,-0.7344796032753084,-2.323644460900954
53.75,-0.7457074792928554,-2.312879459527503
46.05,-0.7259983139553442,-2.2794317487976645
58.15,-0.7831066465509924,-2.295993816983265
55.9,-0.758503480048355,-2.313925122063026
55.1,-0.7652278346348056,-2.3194301178724532
69.5,-0.7881653617689851,-2.333665439537937
55.6,-0.782942192100091,-2.315564136746485
51.1,-0.7394897833961631,-2.3208326881034713
52.65,-0.7601902833166106,-2.320867605509037
58.9,-0.7857044516529532,-2.308038091211943
55.85,-0.7561437167908341,-2.2838031434309256
50.0,-0.7538623278680637,-2.3302298678273434
53.85,-0.7581276076827498,-2.3006489781834905
49.75,-0.7455713612984124,-2.339024214780987
51.4,-0.7405215657591805,-2.337658139733565
49.3,-0.7484350551839543,-2.347805747255461
52.2,-0.7281489022811717,-2.366448135462357
47.8,-0.7314562477901114,-2.307591502777935
53.45,-0.7726144851348467,-2.3346120178975034
55.9,-0.7456874312783232,-2.300509548475914
50.75,-0.7577570029710203,-2.3309962416464627
56.95,-0.7712863910271444,-2.344489718999985
45.5,-0.7346223982232422,-2.3560702045690194
50.8,-0.7511755353624575,-2.3749157256459013
51.5,-0.7448095128418168,-2.3178436150845934
52.45,-0.7427118389417335,-2.312393350426123
49.8,-0.7551900320229847,-2.3323424071152603
53.75,-0.7563622658246094,-2.3308881757862414
46.75,-0.7235118309964851,-2.287156602283704
48.45,-0.7487036466002542,-2.36214773146
51.05,-0.7177688161237927,-2.329914253757194
60.1,-0.7845725993769349,-2.34946803896806
43.8,-0.7006572453223165,-2.3611360559596966
54.4,-0.7548493986527263,-2.340087823822717
50.2,-0.7355600451292669,-2.3310948642622877
51.9,-0.7630278256706439,-2.3355783748867767
51.95,-0.7374995655905654,-2.364109785695606
54.65,-0.7611356475554126,-2.3485220166471192
55.0,-0.7586354416957833,-2.3170840757066755
45.4,-0.706479440591625,-2.355586845367731
58.75,-0.7822052511590002,-2.3742779857562257
46.6,-0.7333310409788312,-2.3704943352557164
52.15,-0.7449484286239374,-2.381237048008754
65.2,-0.8002774507683205,-2.360407229099935
56.15,-0.7541271495223201,-2.3027477179684888
53.05,-0.7668233341413695,-2.3685304573203556
61.7,-0.7725466405008354,-2.3527318262957135
51.2,-0.7577542225177564,-2.393136833290611
51.0,-0.7601486837490256,-2.3339993216578625
52.2,-0.7366567491842199,-2.327128350144827
52.35,-0.7301967035737943,-2.374256882603979
53.65,-0.7702337236408707,-2.3399572471273578
49.45,-0.7423559349442385,-2.372177984359374
58.4,-0.7907799106804972,-2.3796927639241234
50.05,-0.7275598775579964,-2.3303176655754454
57.5,-0.746731966436147,-2.3805999903095563
51.0,-0.7413162100934818,-2.382616252467477
50.35,-0.7532578661446784,-2.3888183450076337
59.4,-0.7772368498751601,-2.392100133758089
52.75,-0.7609153976289922,-2.3728865088274347
59.3,-0.7709753560999275,-2.3591123467346558
59.35,-0.7814309305119018,-2.4292352377424633
47.25,-0.737782913032388,-2.3843639318043417
51.45,-0.7205111117118173,-2.4315842829596024
44.5,-0.6967300505229405,-2.3520837017132274
49.8,-0.7146529182316844,-2.3986890305774033
50.1,-0.747692338495279,-2.3575593018017633
58.1,-0.7911910865097964,-2.368062690669608
51.35,-0.7532952708524445,-2.4040750056084077
61.05,-0.7882714711045674,-2.40413433409178
53.15,-0.7631069956298667,-2.4012343523250737
56.75,-0.7745872500266779,-2.423063850470677
56.65,-0.7404462104803784,-2.3857984430317227
52.45,-0.7708200598308472,-2.400270758511296
44.35,-0.7180726598554537,-2.3774263983947015
45.7,-0.6896539904814882,-2.370757981483321
47.65,-0.7431295188419423,-2.421902761001961
53.8,-0.7292295289540677,-2.383848865811996
50.75,-0.7574045030249714,-2.388492302446063
57.8,-0.7600078311366618,-2.427001262211432
51.3,-0.749423656992785,-2.41360673716682
49.8,-0.7426247624898894,-2.399568965948265
59.4,-0.741800022432939,-2.4241795403816333
44.7,-0.7199686707151306,-2.40343510726753
49.15,-0.7423554982098305,-2.4228118844635347
52.05,-0.7689369900392702,-2.418969281212802
58.05,-0.7913716436284627,-2.4169513433816605
55.0,-0.7678782547773952,-2.4407595928888837
46.75,-0.7124968664473824,-2.42681633095303
53.45,-0.7683619631501178,-2.3686602663705605
52.0,-0.7476499488142971,-2.437555197112651
45.85,-0.6801526718368945,-2.4073524813070386
51.95,-0.738271146622359,-2.418673363351375
51.0,-0.7426685424046708,-2.431868239874123
58.2,-0.7635818595101143,-2.477559374241526
53.65,-0.7591476406875788,-2.420131249224276
51.2,-0.7532156775920472,-2.416140353156503
49.6,-0.7585130928491274,-2.4327322839215215
54.05,-0.7736220946486918,-2.3907347513879897
48.95,-0.7263730898051524,-2.4344610127567607
50.9,-0.7369664831544216,-2.3936698507457908
38.5,-0.698580726421747,-2.395779190806512
49.6,-0.7292638192586892,-2.407068192916198
47.95,-0.7441777751726223,-2.4354146564047774
57.3,-0.7765217503329414,-2.4033293822722603
47.8,-0.7356167667392035,-2.425374070079688
50.55,-0.745495025836177,-2.446944402154077
51.25,-0.744551224068163,-2.4375605803800378
49.05,-0.7581554236783508,-2.445136302575896
49.5,-0.7515289059050653,-2.4541148745998096
50.15,-0.7250230218220483,-2.406695274851246
51.75,-0.7423679681562938,-2.43709424298119
51.35,-0.7525813722483938,-2.4794873214662427
50.3,-0.7557976035598488,-2.414627685784702
50.95,-0.7465330062965938,-2.4022974371120958
56.95,-0.7523981628755473,-2.438323818450814
48.55,-0.7354384667788935,-2.401506486220941
45.85,-0.7344463459711494,-2.417988070066044
49.05,-0.7534442394898611,-2.4751676429815612
51.75,-0.754883585077701,-2.443285894392715
47.0,-0.7113382478367626,-2.4504305582363153
50.0,-0.7390219151917523,-2.419470611234876
48.35,-0.7376406165529101,-2.4208534686637355
52.7,-0.749992794305386,-2.4515812008338123
49.6,-0.7380078850857301,-2.4494243394345263
53.35,-0.7563574900353294,-2.450091768604863
51.65,-0.756946143404631,-2.4417560306146795
54.25,-0.7379812463545855,-2.5036852914940786
47.35,-0.7337068324198368,-2.4140077247775173
49.25,-0.7127288910749927,-2.463729209430734
49.1,-0.7103781638670424,-2.474477236423864
41.95,-0.7146205821590639,-2.4682029751373973
40.15,-0.6666924480364596,-2.446039759702354
47.65,-0.723938757486139,-2.435850435074189
56.2,-0.7778864512740304,-2.4974602136147075
46.25,-0.7090072683561508,-2.4149481036797105
54.1,-0.7650101792364575,-2.5086647423328037
45.3,-0.7306441934446388,-2.4308469584557675
46.3,-0.722863118037005,-2.4536769274500982
45.9,-0.6863676709209835,-2.427452286154778
44.85,-0.7346612587644304,-2.457349075532851
45.6,-0.7275076246143882,-2.4166425931907574
48.55,-0.7234583209149144,-2.4789020297192232
49.2,-0.7296457360832062,-2.435378566082006
42.35,-0.7202525288337431,-2.4192173230591405
52.6,-0.759325116513286,-2.4884501115392417
56.95,-0.7757796299925065,-2.509120522031394
46.85,-0.721805172742272,-2.4666435961691855
49.6,-0.7533562114186602,-2.4745516214461762
48.65,-0.7388536115103659,-2.479542274851577
52.9,-0.7728887187194917,-2.4791410631367543
41.65,-0.7122305685274868,-2.4559367115237585
40.4,-0.6467398986067536,-2.360441408619259
56.3,-0.7596571796832082,-2.48525397441952
44.05,-0.6887834157913624,-2.47237688586198
52.4,-0.7528287850613824,-2.4705138999679677
43.35,-0.7096448304634329,-2.473804178600826
57.1,-0.7604817930806693,-2.4482427153189024
61.95,-0.7914574439102895,-2.502169667849107
56.5,-0.7310557281286737,-2.519377329233235
51.1,-0.7552149460780783,-2.476697078774413
67.95,-0.7624225290760342,-2.506090715186874
57.65,-0.7897263227669382,-2.489781233520808
53.75,-0.7828530911903128,-2.475603918010278
46.0,-0.7172681025712955,-2.482241012601333
52.45,-0.7490701661360136,-2.5463965768455457
46.65,-0.7350524283972877,-2.482543457914296
54.8,-0.7328049442920218,-2.4349533173190854
53.65,-0.7674268498755772,-2.4663086021110687
59.05,-0.7726022504470822,-2.516342671538862
57.0,-0.7744337117283713,-2.4936951434117587
52.0,-0.7504278225222609,-2.495685525706585
48.75,-0.6996882651575185,-2.461132617213367
51.25,-0.7431171205868413,-2.4849428272961607
54.4,-0.7646331005653471,-2.504489943502107
51.85,-0.7256318150049058,-2.5400813594078686
46.6,-0.7335351707506627,-2.458462602899055
49.1,-0.7338378487821104,-2.484943756396177
60.85,-0.7957583663350792,-2.493530230085981
48.45,-0.7406190235587068,-2.507557162217462
45.35,-0.7278937038691401,-2.501230456438026
46.9,-0.7295989122021811,-2.474164505460975
45.4,-0.7190116075412071,-2.5086583306560284
47.9,-0.7292575733608014,-2.5469232076940775
47.35,-0.7280446658528045,-2.5116399592288596
51.2,-0.750200588132557,-2.489811070991837
47.4,-0.6996784726451738,-2.4640968076902583
49.05,-0.7206180647039307,-2.5006129140291558
56.0,-0.7790374376990774,-2.4959179040248634
43.7,-0.7336223515007272,-2.5334991457583964
50.6,-0.7281326774521399,-2.4791695087446763
49.1,-0.7498667036108791,-2.5388053951312974
53.1,-0.7307332446022362,-2.5458354346190477
52.35,-0.7479564307692372,-2.4911938610516726
43.5,-0.7200368074766816,-2.486520652264369
46.3,-0.7246159072158876,-2.51097164170892
46.3,-0.7252626375409111,-2.4934790885710463
47.6,-0.7354198043567743,-2.534023368027031
63.45,-0.7943790671894363,-2.4809587256497116
45.7,-0.7246141639731895,-2.5166878254209046
51.9,-0.760715675411469,-2.5418907575741603
42.5,-0.6991791014700428,-2.5064224829553448
63.35,-0.7791993655865939,-2.4978749577739907
51.5,-0.7194829340454858,-2.5034124935681406
57.2,-0.785133685130012,-2.5283807734911243
48.7,-0.72925715887339,-2.526085656294737
41.7,-0.7036334416670724,-2.5094814312950016
47.65,-0.7437897957323442,-2.5027194034913305
52.85,-0.7721066016300872,-2.5187587956503954
53.75,-0.7636064091300533,-2.5353619345165286
47.15,-0.7281316192829171,-2.531181529635509
49.9,-0.7527974458514952,-2.5335395355009642
45.4,-0.7393655419060573,-2.510609670334103
44.3,-0.7336054895765722,-2.5170533970947204
49.75,-0.7385872542751606,-2.5555850024379643
46.45,-0.6795557793934861,-2.540446898938364
52.95,-0.7472130492129696,-2.4912093166604707
42.7,-0.6972048253180281,-2.5001202519494665
47.95,-0.7515839865618639,-2.554570797834216
42.65,-0.6956999956670589,-2.49479964142176
41.4,-0.6894912823917353,-2.503588485474361
55.0,-0.7590918104198696,-2.5208885468438886
45.9,-0.7402201117955961,-2.5380763057290294
45.25,-0.7128008337796061,-2.5230598119857137
43.45,-0.710837091640053,-2.5259009106861177
40.3,-0.7002648069936692,-2.4596835228654066
44.9,-0.7252289765794079,-2.5620328305166864
47.1,-0.7315323780810739,-2.5170233067675727
46.6,-0.7306026668251474,-2.5166097779594834
56.6,-0.7760046582397543,-2.561382524214839
46.9,-0.6808494374798212,-2.566336922655769
46.95,-0.7356808525881503,-2.5310652422734865
40.45,-0.673912673771659,-2.502049464185739
50.3,-0.7470462244850243,-2.5502790220185707
50.75,-0.7430964590814615,-2.577970172860694
49.25,-0.7464923378509463,-2.567023665242773
48.8,-0.7453104272135901,-2.5311632483426925
49.25,-0.750205190275466,-2.5125684299037907
46.0,-0.7101290293039572,-2.5037886049915428
44.8,-0.7323901895218862,-2.5538403896271826
45.75,-0.7319492205760194,-2.5798201436845805
47.8,-0.7388111010645759,-2.552624728192292
51.15,-0.7525051770856014,-2.49952566489875
49.05,-0.7369129744701972,-2.540309856702001
53.0,-0.7300293966472496,-2.5466354141653444
52.9,-0.7712111876791353,-2.5742978645760743
51.05,-0.7293410437610136,-2.55365799603747
45.75,-0.7440567611641568,-2.5538408074829944
46.25,-0.7315599014758305,-2.4945743173858537
49.3,-0.7410063272856043,-2.5923995174664762
48.1,-0.7514327090843868,-2.575911164334431
42.65,-0.7183398273611723,-2.5542587197486455
59.6,-0.7520559298696334,-2.5130841433714424
53.8,-0.7744136699854824,-2.5325273935222983
51.45,-0.7556616852744401,-2.5320555124617603
49.0,-0.7532494205329213,-2.537983704339859
46.5,-0.7324013284603046,-2.602949511039341
50.95,-0.7338013199528974,-2.533385806171636
43.85,-0.7263601854779531,-2.5336366895691644
49.55,-0.6926756287927687,-2.538042974587529
53.8,-0.7511127277904388,-2.600928035665128
37.3,-0.6704041478004166,-2.529753293620473
47.1,-0.7239003073226224,-2.5306341232943224
40.9,-0.6938997836746619,-2.545887726475738
44.3,-0.7150403660397362,-2.5740990343791443
52.75,-0.7513190875844097,-2.581184878921631
45.5,-0.7254690425311374,-2.582896689153075
49.15,-0.7208388632271483,-2.6050660101253205
46.55,-0.7047714259375564,-2.5903308096927455
46.6,-0.7168649510769838,-2.5542836959746626
50.45,-0.75414632718988,-2.5026978805045825
51.55,-0.751988721338827,-2.5850836759419353
45.05,-0.7251938896465245,-2.53497490249258
46.1,-0.7326359411533938,-2.5510587425757825
49.0,-0.74783440143609,-2.5382460242526284
49.2,-0.7371948695417222,-2.5653098851894014
46.25,-0.7149718640827956,-2.556540982107248
51.9,-0.7164393921279137,-2.5817997189989876
47.85,-0.7306577873832021,-2.6006780932809495
43.05,-0.7199753974494746,-2.5392435506671576
50.55,-0.750486373689112,-2.619046866940392
45.45,-0.7261306222291767,-2.553406980289484
50.5,-0.7157455389294101,-2.6048610065886497
48.6,-0.7236080046424243,-2.6032806819896797
48.75,-0.755956736237495,-2.594048938719337
42.5,-0.7055521512661124,-2.5603153443984104
43.65,-0.7107525240073325,-2.569013558696466
49.0,-0.7439247878999692,-2.54304751300952
54.85,-0.7627063729046569,-2.5648697650546515
51.15,-0.7419621838745201,-2.5605664339196363
44.95,-0.7296144284232446,-2.5818164797951857
60.5,-0.7800956582237674,-2.5863654903543467
43.4,-0.70629730707419,-2.575494486763328
47.4,-0.7274775139720158,-2.5560893909914606
51.0,-0.7588136590946707,-2.589506374914781
50.8,-0.7427816010911581,-2.566474983352766
50.15,-0.7478499283394657,-2.5918693554641434
43.85,-0.7195766811185125,-2.603558007689497
50.45,-0.7479403466066576,-2.6154293411919283
45.1,-0.7229028701507557,-2.6301499700052027
43.8,-0.7008667555366442,-2.583618945094784
42.1,-0.6973498032532224,-2.586386735122259
53.7,-0.7576681876234568,-2.616683540413509
44.4,-0.7054453999393655,-2.602821404832068
49.7,-0.737407927401815,-2.6432127278246202
56.25,-0.7192103080525879,-2.579108769600839
51.75,-0.7669868153735722,-2.612464271794616
44.25,-0.7141485586498163,-2.58461498483014
46.1,-0.7123282515408224,-2.584589840023705
47.15,-0.7521376381554856,-2.6098113009688775
51.05,-0.7524347492870616,-2.609855145115671
53.35,-0.7648139601924255,-2.627536630120729
49.15,-0.7135451204489043,-2.6623257556211173
43.05,-0.6856784943982607,-2.623221222690327
50.7,-0.7528524212903284,-2.58613258458704
39.7,-0.6947807097938634,-2.642307163111749
47.35,-0.7117370215592959,-2.626587441833707
44.5,-0.722346855579829,-2.6022152016129985
39.65,-0.7001507806574245,-2.6144748126161383
54.2,-0.7302105838307773,-2.6079133198972224
41.6,-0.7089319176679107,-2.6064287807757287
48.85,-0.7329713307547925,-2.6385490178788693
46.3,-0.726668181794345,-2.558883665292478
46.4,-0.7487131213582449,-2.6052816977156263
41.2,-0.7008688375427422,-2.576359211160168
45.05,-0.7264302818740306,-2.622374702503298
46.4,-0.7358905731526645,-2.6231049921445875
43.3,-0.7272582990858345,-2.538434130248299
49.65,-0.7360646182752116,-2.626642056308767
46.85,-0.7369528288564333,-2.644389127992084
51.45,-0.7538995210848956,-2.6433313405885213
50.4,-0.7435460576073651,-2.6875525375058107
51.9,-0.7535282399990442,-2.6286924003136205
50.75,-0.7379100603887561,-2.605947660672977
45.55,-0.7343049646735273,-2.604160507298092
42.6,-0.7038338711010717,-2.588444998416061
41.15,-0.6968275043691927,-2.586662120897545
46.9,-0.7105091621356617,-2.593966646847856
42.2,-0.7096382577671739,-2.6336843368981717
47.7,-0.7387828604001478,-2.6447743303818902
45.5,-0.7277967980614435,-2.6460666623299005
40.5,-0.6862169142533456,-2.6451295902934477
48.2,-0.7324147159051986,-2.607164836883944
40.3,-0.7031432616802465,-2.5882439574973097
48.55,-0.7400560769214295,-2.6536048101212115
42.65,-0.7148238637731048,-2.616894518470881
43.55,-0.7029076531978137,-2.652717299333534
40.05,-0.6928792179704006,-2.603241253176718
42.9,-0.6909643704916949,-2.5897999174433304
50.55,-0.7312861450743923,-2.6345364251410466
47.5,-0.7017018406505133,-2.663910195708605
43.35,-0.6984142564988891,-2.554075268849597
48.25,-0.7256334765469283,-2.6245021265266084
53.05,-0.7454343438528446,-2.6215185594045254
51.65,-0.7639193372673182,-2.5903297469224125
52.85,-0.7599501053388995,-2.6567081943438535
54.45,-0.7540762634727858,-2.618963352518318
49.45,-0.7608964532202984,-2.6235347363924855
50.2,-0.7405198477790551,-2.6578426920806737
49.75,-0.7553017409044369,-2.6430215185502455
46.6,-0.6916566423066726,-2.5796004584302565
50.15,-0.7524137146532872,-2.6458743189437497
50.85,-0.7658856379844317,-2.6332399764833854
46.9,-0.7180754677653667,-2.6374668499713545
41.75,-0.6694718994246553,-2.6435157702894956
51.25,-0.7519401492428902,-2.6469610364379705
44.45,-0.7119518375667646,-2.6043167248385917
47.9,-0.7269894674066879,-2.651820401364384
45.05,-0.7182523467146629,-2.656776055854094
52.2,-0.7652277084545539,-2.6632762754180503
46.15,-0.7426238551980824,-2.680653610671846
42.75,-0.6959173481428438,-2.6490861263740575
41.65,-0.6815985314289427,-2.6095586923971372
40.5,-0.7060555179115932,-2.706707386101323
51.2,-0.7353234465924678,-2.6489486266973774
46.85,-0.717579623569777,-2.6404839000104956
51.75,-0.7354373155250346,-2.661128590625491
44.8,-0.7136866653418037,-2.6101630935659252
47.75,-0.7214284857177553,-2.6972860509266345
47.5,-0.7238148950472229,-2.740133518483887
44.7,-0.7043833431628561,-2.653364121172351
44.35,-0.7283540037862432,-2.71080527905852
47.05,-0.7301064661343324,-2.635447970638773
42.25,-0.6977023755780317,-2.5475918318460846
53.6,-0.7464157703469163,-2.6439824865462485
43.85,-0.7264197196268901,-2.74118383809476
56.6,-0.7646719802795394,-2.670842906467434
46.55,-0.7262736996172535,-2.5898007008902777
49.1,-0.7280299349598542,-2.6562652282136012
47.75,-0.7162807170204943,-2.601191240764611
49.0,-0.752962168931198,-2.7150386404819753
43.15,-0.6778342513094693,-2.6086368898714936
49.65,-0.7278288439773496,-2.6661482817751643
45.65,-0.7239507712198109,-2.6956254011192535
43.5,-0.7076016689448293,-2.644176589400473
40.4,-0.6797471750153281,-2.6806485943287495
40.55,-0.6970771679817479,-2.6437142943464504
45.95,-0.735271540917549,-2.6358862810678905
47.55,-0.7408509714752397,-2.690185616262629
47.6,-0.7223822496036223,-2.675212164224403
45.0,-0.7158186048231769,-2.6900161357211303
40.0,-0.6752384541396845,-2.656658161443073
45.1,-0.7030928500176032,-2.6642312429286683
46.2,-0.743404532969796,-2.662150842576176
48.9,-0.7188081281983784,-2.6595978382873375
42.05,-0.7112584880967077,-2.697928807100665
40.8,-0.6759040687546807,-2.7146248136587547
47.25,-0.7374287804313248,-2.683828219264934
48.5,-0.7525593542151343,-2.654109456516813
42.05,-0.7116530419062597,-2.6937620933950157
46.8,-0.6718546075067695,-2.6546979495080674
43.1,-0.7106571161067904,-2.6906305828473096
37.25,-0.6524786470611127,-2.6214185643228367
56.2,-0.7666135065902473,-2.637969753724535
39.85,-0.6881854788550718,-2.6635403015766963
50.65,-0.7338389706943469,-2.601669399090171
47.15,-0.7283466071531509,-2.706229753802233
52.75,-0.7424930774848053,-2.6557772637346777
61.35,-0.7773257405378945,-2.6913108933980907
51.35,-0.7540982092761308,-2.702209717700319
39.1,-0.7018668820421544,-2.713235434224206
47.4,-0.7244481109634653,-2.723128068119978
52.45,-0.7563257406078993,-2.7204012729285116
53.55,-0.7578812753692649,-2.6864824463319588
35.3,-0.614641152203559,-2.6259433598080744
47.15,-0.71060864861301,-2.678584317495498
39.85,-0.6685459171361883,-2.7115949062098967
40.9,-0.7022771806678596,-2.6514284393196457
43.45,-0.7175860944308037,-2.721575920321634
42.6,-0.7170288754903466,-2.6882951610969217
46.45,-0.7401138803462642,-2.6905524910401217
60.0,-0.7410256656649452,-2.6948833452446967
47.1,-0.7410265805837498,-2.6912879314452267
45.65,-0.7028408303249534,-2.7161387069512344
51.25,-0.7480991845465846,-2.700275767476273
42.85,-0.6994920742755102,-2.6100823595050398
52.2,-0.7719827637282662,-2.6809413069089354
43.0,-0.7026801478960458,-2.6572024513261336
47.05,-0.7080281245875298,-2.6466834740609384
44.6,-0.724560155656776,-2.655929882838486
44.3,-0.7037602835952755,-2.6308165074912684
43.2,-0.7071822224970722,-2.7032031022338363
57.75,-0.733925515267561,-2.6881380004428506
45.2,-0.7235348713787971,-2.693543695191536
51.0,-0.7551030529364705,-2.7080757411513416
51.8,-0.7671160240828414,-2.683587275992588
44.25,-0.7065446948868996,-2.696820031334731
47.25,-0.7116602794922657,-2.70006096807564
48.2,-0.731811844807387,-2.6872733258631447
58.6,-0.7532654292572177,-2.7446919817538973
54.85,-0.748907204560272,-2.6572020671973795
44.3,-0.692437953841736,-2.6306491208067055
45.9,-0.7223131743158628,-2.6456352733844204
42.9,-0.6980118696710449,-2.69911450535628
50.5,-0.7333857209303891,-2.6622503747891106
47.9,-0.7398445358725827,-2.763384825762532
51.9,-0.7489733579935979,-2.7282541925579666
44.45,-0.7267992855952558,-2.6570846532278525
45.35,-0.7266335992822222,-2.71351825891383
67.2,-0.7584671779327149,-2.785070594674788
43.5,-0.7260953749589073,-2.700085370618521
53.1,-0.7569225848023869,-2.673509185215704
46.95,-0.7280817770859044,-2.6947269705515557
44.5,-0.7309982090162008,-2.7366572688314785
43.05,-0.7113858781763562,-2.764000554872237
48.2,-0.7308458941541678,-2.6564090126853204
54.15,-0.7613756203429054,-2.720330540509445
47.45,-0.7454460995550692,-2.799295861680272
39.95,-0.6940359381154948,-2.737754691428798
49.1,-0.7091700704462444,-2.722429501960959
44.2,-0.7118061473434476,-2.59115239320342
41.55,-0.687651949306518,-2.7134034636483624
45.7,-0.728010181371656,-2.684608320394859
41.45,-0.7130889186147443,-2.6737470932334864
48.1,-0.7195329160175487,-2.75595150660571
52.25,-0.7646724725722036,-2.7047844148524502
44.25,-0.7269058543649299,-2.711498776921461
43.7,-0.6494533102382193,-2.7425376923856986
47.35,-0.7282544919202777,-2.725713252658127
49.05,-0.7444146962013264,-2.720662820118586
44.35,-0.7181727858336062,-2.74301600083581
48.35,-0.7362685889439059,-2.713569129306817
46.85,-0.7130599663637385,-2.8026696512467457
47.45,-0.7331940983551892,-2.731896541636434
61.4,-0.7766581747024497,-2.7334334839290833
51.85,-0.7548352253095192,-2.756926041445069
51.3,-0.7676231624038944,-2.7805625324413596
45.65,-0.7141557100264001,-2.7096264722162564
53.85,-0.7518743404343996,-2.771084875360496
44.4,-0.7042151117503067,-2.8147996104101223
40.65,-0.6942310836766794,-2.7199426814310974
45.4,-0.7282343679271602,-2.7679716484591275
34.8,-0.6431395148304815,-2.7697807283320595
47.95,-0.7458715166018526,-2.802129612949172
33.85,-0.6458022250601628,-2.721926617077606
45.85,-0.7244778552172699,-2.749411891617197
50.45,-0.7487800033118055,-2.770337355443293
46.25,-0.7284861601032157,-2.716539836663636
49.8,-0.7503265702847927,-2.6997060114885345
42.05,-0.7117413345742124,-2.672493110884733
43.75,-0.6985186095661036,-2.8052102092538407
51.2,-0.7369390161998679,-2.7686102965520707
44.4,-0.7290484877802236,-2.7539940346208143
40.05,-0.6499968850480518,-2.7157260147476814
47.5,-0.7225874911027967,-2.7573968339161787
47.85,-0.7431212195199597,-2.8305256159519554
46.6,-0.728276531381629,-2.7200410787071063
45.95,-0.6896249242345618,-2.7279308612110436
53.75,-0.7283291341212987,-2.7256091153483566
52.3,-0.7319217180179862,-2.7735150879613295
43.05,-0.7005824852977833,-2.8036136588886373
47.2,-0.7105747931243728,-2.804722798205348
44.8,-0.6863334345023004,-2.7875412193089826
47.55,-0.7119449963585748,-2.715926005077699
36.4,-0.6525889115952161,-2.700333498147197
40.6,-0.6980610996797663,-2.756854502535852
50.3,-0.717225603999599,-2.73673616417406
43.25,-0.6994077744651352,-2.7191622181384654
42.75,-0.7125596745057459,-2.7192732512188647
39.85,-0.6878230401037204,-2.762436167475434
38.2,-0.6291457746818423,-2.844700428294118
57.65,-0.7599945782169866,-2.772571069607539
51.1,-0.7508014738492146,-2.784246105742262
44.8,-0.7176552859567169,-2.7535006043339747
47.5,-0.7371672645003466,-2.8581376969985812
47.35,-0.6711233294589792,-2.853824030528352
46.8,-0.7421418553897536,-2.7904207454030865
48.9,-0.7047104079014723,-2.7347729754828576
50.05,-0.7171890679334243,-2.7617367106979467
49.95,-0.7348421734826341,-2.720459245398958
45.65,-0.7340736284115559,-2.8333679317884632
38.45,-0.6434290342307122,-2.7692747440483685
42.55,-0.6716632175242775,-2.7595721897554664
52.7,-0.7424236291051975,-2.7434374208946637
37.9,-0.691128553413559,-2.8124191218434764
53.9,-0.7522321083953587,-2.7750022982830798
48.6,-0.7393327395824209,-2.7188620584607652
50.15,-0.7473880820493608,-2.7908543723473267
39.6,-0.7013136768314028,-2.73665881437133
45.2,-0.7085604018945736,-2.7915743098590546
42.5,-0.7042471645208512,-2.7996083496562636
45.9,-0.7053518334184463,-2.7657859384639476
44.1,-0.7181850761514765,-2.8004601488595373
49.3,-0.7523871994403468,-2.792750393340606
49.8,-0.7466299347447778,-2.818813392865326
45.6,-0.7105588734630043,-2.760636836216171
40.95,-0.6960692563010343,-2.7740990626302513
44.6,-0.7030718612129545,-2.8454039017485475
51.6,-0.7526710306254332,-2.7765892917597226
51.75,-0.7446386977556518,-2.7981929816324493
48.65,-0.7361290446788625,-2.837353670398909
41.3,-0.6926755207532037,-2.7968874596869293
52.4,-0.7645541181904032,-2.888201419924067
48.85,-0.7303669750972361,-2.8202686178323995
40.55,-0.7007830338696858,-2.906820017063917
49.9,-0.7455396189178185,-2.8125432764215432
42.8,-0.6998131797046119,-2.727971026705888
43.1,-0.698104147402703,-2.7580986667881464
64.25,-0.775146164417509,-2.74632344078912
39.9,-0.6879641125809566,-2.7547273561340577
47.15,-0.7441160688972952,-2.8274753494615203
46.15,-0.7210276475402164,-2.8327977610258523
39.5,-0.6793880812388057,-2.7876681250278095
45.2,-0.7183081665704163,-2.7694136532889315
44.45,-0.6930931607875457,-2.802350905372033
44.6,-0.730924905498796,-2.821304675029339
42.85,-0.6738899318474878,-2.861406566840981
38.3,-0.683611535946145,-2.832308733299969
48.45,-0.7133682054465591,-2.84251702171583
48.25,-0.7099076445318244,-2.794122470241757
44.9,-0.7156547447265209,-2.8015795923116076
46.3,-0.7126382556494277,-2.796772172736509
44.8,-0.7313837173006537,-2.8142551689203725
39.0,-0.6692574271856863,-2.768814722275077
43.7,-0.7340397458186417,-2.8029056800032146
48.1,-0.7481754564623628,-2.803344291549307
44.5,-0.697961750040661,-2.8318950472655895
41.9,-0.7038500063848974,-2.7600572417494993
45.85,-0.7187353922866676,-2.798123095550714
43.7,-0.686186974600018,-2.7601474412983267
39.15,-0.6712479821833541,-2.8039795161238237
46.25,-0.728660162320573,-2.847311453470793
43.0,-0.7188376155613184,-2.8659949088101753
44.2,-0.6869892319051167,-2.8192423102563056
46.9,-0.704391310941214,-2.7900567951774202
39.65,-0.6713398333168688,-2.8120189890447342
43.6,-0.6905983875228439,-2.8087234448325344
36.65,-0.6642522935703711,-2.788428284481078
37.1,-0.6679441629868926,-2.8066199058905026
43.45,-0.7118853336008255,-2.7836428876195556
41.1,-0.7061616907039341,-2.7882368531211776
39.6,-0.6741649011046247,-2.869327222168519
47.95,-0.7096141511695405,-2.7706160456925284
45.3,-0.7317093532388715,-2.7852634324529673
43.0,-0.7156024970554823,-2.811476857583924
39.35,-0.6768611007510461,-2.8077140427023384
42.1,-0.6894897171575736,-2.7971812192463252
43.8,-0.7240973118715985,-2.7851066478062823
46.75,-0.742172605814688,-2.8548096602402646
45.5,-0.7316055758564646,-2.812304621439371
43.35,-0.7271972350876516,-2.8409634615913797
43.4,-0.7081184371042107,-2.8422335182673146
42.35,-0.7091336192985618,-2.828149375095404
40.9,-0.7012174313102202,-2.8387951053257434
44.95,-0.744392182615749,-2.8057130029766872
45.15,-0.6971946890364065,-2.7832690169699443
39.0,-0.6502192207861568,-2.8038544739582916
46.4,-0.7303325286603632,-2.8007458657157924
38.15,-0.6689966835711918,-2.833172146410015
39.2,-0.6588169311741281,-2.7724865976846456
48.25,-0.7195078738929456,-2.930994727054979
47.75,-0.7362056824053566,-2.814997289516291
54.05,-0.7449554422391729,-2.8053675305369614
42.9,-0.6805310584628791,-2.8077574677687243
51.4,-0.7565087018474344,-2.802708378780111
45.45,-0.7308893898235029,-2.753070232877914
44.35,-0.724785772841183,-2.8856661507132157
48.9,-0.741256556120943,-2.88556861362518
52.05,-0.7717010683115271,-2.8002802706339365
36.3,-0.6616840452233921,-2.80199882107013
46.5,-0.7118804370206354,-2.8120298840064613
40.4,-0.6929319642206784,-2.807218359410151
44.05,-0.7276051270044722,-2.8694157230862816
46.5,-0.7344990512436058,-2.7676718189833904
53.45,-0.734250557484682,-2.8345188826199346
51.3,-0.7359493497129752,-2.7713572045599753
48.3,-0.7386057738692283,-2.8326901194771277
37.7,-0.6869292634461591,-2.8327920818561045
38.3,-0.6878672118066935,-2.804868763947103
49.65,-0.7112078159201983,-2.752959537638488
43.5,-0.7292861404076688,-2.831307066012241
36.15,-0.6472721214313911,-2.782136205840435
48.95,-0.7455862905191208,-2.7944690962942476
42.5,-0.7039070922396107,-2.89458348012526
45.3,-0.7330439424399329,-2.843998199931899
42.75,-0.6995020785364002,-2.757307838706312
38.95,-0.6910365461754683,-2.80544912278324
40.7,-0.6825518114413648,-2.8566940430865824
40.0,-0.693958465453297,-2.7791687237766665
46.75,-0.7282236741609249,-2.8933223274652677
52.25,-0.7270639495200839,-2.79626249120927
45.0,-0.7099543207210688,-2.81549991365764
43.55,-0.7150983760460146,-2.86889414771362
44.3,-0.7148697194706084,-2.8303183440420234
39.4,-0.6399167076167604,-2.8794284172543465
46.8,-0.7267651988401573,-2.903735082688427
43.15,-0.6938038764974882,-2.866502485607524
41.2,-0.6984114674984968,-2.8271062401907856
41.1,-0.69376224485288,-2.820997258102124
42.85,-0.7026991222570971,-2.787496694795782
40.6,-0.7016823879202384,-2.8016815306557064
42.65,-0.6975149066133118,-2.8613138287699824
43.25,-0.6876967391262099,-2.8929579999689574
40.35,-0.6736190790027308,-2.954185166106829
42.3,-0.7191030678412058,-2.9036723093803225
48.85,-0.7124276342934921,-2.837274819527484
54.7,-0.7483617336834584,-2.770143990207485
39.9,-0.6616065754056315,-2.8181109637903923
44.5,-0.7125332035683491,-2.8534661455915384
48.85,-0.7217642732748115,-2.864894452247676
45.4,-0.7038645045761033,-2.8458063536975162
39.95,-0.6877217649808122,-2.844203769474722
48.2,-0.7341848658904196,-2.9248514883120804
38.05,-0.6866495405396333,-2.866949878584466
41.8,-0.674706001678981,-2.7678448569687326
47.85,-0.7151216695983827,-2.8680996475924982
40.3,-0.6699556311121851,-2.867363333737518
40.9,-0.7036087464019978,-2.8445549062240865
40.45,-0.677749036591102,-2.859293780162586
43.75,-0.7002450266322153,-2.8741973918865344
44.7,-0.722653976997487,-2.8323627116430194
47.2,-0.7481894111733991,-2.8896456068270426
46.6,-0.733449904239764,-2.8833010328193116
39.2,-0.6857251553714002,-2.7631526314115487
42.6,-0.7100984294925808,-2.887783700653003
43.15,-0.6744881054012997,-2.8160422729597494
46.1,-0.7144605712373094,-2.8711179365687984
43.2,-0.7110711743663766,-2.826746335899422
40.9,-0.6584848781161784,-2.935599042426079
40.9,-0.7062014142431952,-2.9753576527006365
43.4,-0.7139358363600999,-2.8645393856834667
49.35,-0.7586787848013314,-2.9142616007784543
40.15,-0.6693089910290589,-2.8277781513248024
51.4,-0.7708577090589378,-2.8296648530493695
51.05,-0.7627188738906534,-2.879944624664819
41.45,-0.6947921584228733,-2.896954902685457
59.3,-0.746643243847705,-2.9640535377793142
54.35,-0.7442257895032898,-2.8991326870997733
49.85,-0.7396967584391068,-2.9240537339084107
42.3,-0.7002029293538763,-2.894407009764879
44.8,-0.717538959077097,-2.795622331519478
44.15,-0.6710133618662779,-2.91324754906328
35.15,-0.6257285551869517,-2.766852951532237
41.85,-0.7152466893637748,-2.818665775220616
47.5,-0.7473269163572173,-2.8656901573395133
40.9,-0.7127206029361041,-2.857646392219833
44.15,-0.6909171036295899,-2.8856109283607023
50.2,-0.741607144847209,-2.8404710391265424
45.25,-0.7160976575140413,-2.8760086334504016
39.6,-0.683421660506343,-2.8776816417684357
43.85,-0.7113387127164247,-2.901367546801495
47.5,-0.7018472429948229,-2.779756783020357
42.25,-0.6899795801477857,-2.885578716666516
49.7,-0.7183950778752117,-2.9233220997385985
46.15,-0.6751564088459128,-2.7893871525355918
48.4,-0.7384443689416547,-2.9288722182350346
51.15,-0.7092351397153098,-2.793770049843946
44.95,-0.7297526843378533,-2.8579888613986557
43.6,-0.6773119723518871,-2.9625903316539426
54.65,-0.7737105016476109,-2.8647085806096895
50.05,-0.7330944850303344,-2.864357260334042
49.3,-0.7280077902446243,-2.8840499538475606
40.7,-0.6665002145486366,-2.8812095386555123
46.85,-0.6884729002730638,-2.9273873627337794
43.3,-0.6860326890912053,-2.9174489898711635
42.6,-0.7022626411375631,-2.91402007436752
45.9,-0.7221077601718904,-2.859126327176595
43.4,-0.6702071030981869,-2.781419265457684
51.85,-0.7201236027787712,-2.9360403928376915
41.9,-0.6954258772489041,-2.977377554828852
51.2,-0.7239381187614689,-2.8816442782173213
46.4,-0.71279655509868,-2.9162821411891473
40.85,-0.7003851703638985,-2.8846028304141993
36.5,-0.626215458285911,-2.9295142067095346
47.0,-0.7347450371189798,-2.900457396588821
41.25,-0.6780489738234092,-2.9030103598109434
38.7,-0.6639684970668192,-2.966823076443359
38.8,-0.6934162523419858,-2.8569701643516963
41.35,-0.7073976154490415,-2.8119853972354765
41.65,-0.7132041383289912,-2.883689277239001
55.05,-0.766791887881051,-2.9659384051769537
38.95,-0.6720333754008345,-2.810486917835567
52.4,-0.7472239290357153,-2.924812861251593
46.05,-0.7047718214636266,-2.941054980352827
48.6,-0.7083078477670172,-2.8853933841473816
44.65,-0.6973260462514854,-2.919656565779432
38.4,-0.6796962264808271,-2.9655194336369366
45.55,-0.7239016399906489,-2.864439710124493
47.65,-0.7277811832010014,-2.8612251597345644
45.75,-0.7102726929107954,-2.9117524806500343
40.5,-0.6878795010316072,-2.9036183788098606
53.65,-0.7428724538137893,-2.913077611040545
46.2,-0.7175240896798141,-2.9682527431515466
37.25,-0.6724306090093661,-2.920311720011931
44.15,-0.7114260100393373,-2.9699964311620803
39.3,-0.6764767994053613,-2.9253404682361652
47.5,-0.7190615444071804,-2.862416656526978
34.0,-0.6356407810418954,-2.9434484087979107
43.1,-0.6666380305468399,-2.8371243364447203
43.2,-0.7191182565310301,-2.801648188737407
42.2,-0.7143499270065987,-2.903106904812326
50.65,-0.7657293794025775,-2.952890248695458
45.6,-0.7367300090327499,-2.944818926562647
47.75,-0.7102787053177807,-2.850611900864075
47.5,-0.7312732665349527,-2.8600356926130677
49.55,-0.744143407456623,-2.8944475284315034
43.5,-0.7091100196972144,-2.9015639986300528
47.6,-0.7296023753542865,-2.8798181088414276
47.5,-0.7311285883706852,-2.920758256203617
45.4,-0.7326210220451045,-2.9657256633438465
44.85,-0.706829802554648,-2.89795559240585
41.15,-0.6843553689258602,-2.9008941419316985
42.95,-0.695869378193304,-2.9308566107809395
47.2,-0.7403433977490577,-2.939106155978768
40.05,-0.6631188313850822,-2.8892571418088484
38.25,-0.6560469405982919,-2.8896830466408594
42.0,-0.7070971860515755,-2.943457003773335
39.2,-0.6687985474089696,-2.9266058577239664
47.0,-0.7390641588799688,-2.865431259080345
48.95,-0.7598953629114094,-2.9256164204065978
44.75,-0.696687524814387,-2.9171294661282827
47.85,-0.7274186409476514,-2.961083192206334
45.65,-0.7353978364727431,-2.9114830368624256
44.7,-0.7208764028594199,-2.917974712387559
47.65,-0.7436224459912036,-2.9393407671665024
39.7,-0.6955713612450434,-2.93638214463985
51.65,-0.7538350168785232,-2.914236634180776
42.15,-0.7039786346771237,-2.962291204225784
35.05,-0.6602614108841338,-2.937417460164302
53.4,-0.7587223999218715,-2.9274870771649315
42.65,-0.7170931514172405,-2.9044513777037415
39.4,-0.6845552111717655,-2.860496530817027
49.85,-0.7130641519106414,-2.9319677067430145
41.5,-0.7101287791636562,-2.9527639015124914
44.1,-0.7101125187614291,-2.9082414533337815
39.9,-0.695742403521094,-3.00703581603773
46.6,-0.7068428771136965,-2.884525213142129
48.8,-0.7547847112245252,-2.9130027681182233
40.35,-0.6859179070328973,-2.9609231428404534
41.45,-0.6944411646417972,-2.9405993659287444
38.8,-0.6624595051111128,-2.9397456583632726
49.25,-0.7404390490885707,-2.9934160691777096
43.0,-0.6971731238395141,-2.9460177980052493
36.95,-0.639513005898073,-2.9467198343659766
44.55,-0.7016112163069698,-2.9537528842784457
51.9,-0.7105739753775764,-2.9348322226445793
38.1,-0.6520575480961569,-2.928988621216054
48.6,-0.7299596686891043,-2.8585153989864995
41.5,-0.7108180112648272,-2.9483032780742606
44.25,-0.7286188684134777,-2.9389614009296325
48.2,-0.7152043916599501,-2.9191340981168445
50.1,-0.7411820917210918,-2.8704220829472575
41.7,-0.7052383218318617,-2.9117395348023023
48.3,-0.7509235402574228,-2.928223728655
49.65,-0.7479049611958285,-3.001206722456419
42.25,-0.7071139426170581,-2.8204486678459686
43.7,-0.7264234031370304,-2.9972880073706323
49.5,-0.7461549954892321,-2.9833344621701334
38.7,-0.6842362370549854,-2.9608214111851745
42.75,-0.7056502077715863,-2.9754272042444825
40.15,-0.6678997560872798,-2.9075139198597166
52.75,-0.7692428718982591,-2.9031163972036995
40.0,-0.6878838950786623,-2.936417607460714
36.35,-0.6676252613374092,-2.959037708041779
43.9,-0.683006191107254,-2.9014756051131494
41.65,-0.6929825275910971,-3.0248263076792705
43.35,-0.6876267247455476,-3.011536457771179
44.75,-0.736790217121732,-2.9819302839898327
42.45,-0.6986326854497451,-2.9249330637692297
47.15,-0.7305607370296234,-3.018258812355476
48.95,-0.7483483425685836,-2.9626273509983845
42.5,-0.7167330398972322,-2.9565747450896143
49.15,-0.7471410923814614,-2.9307213593458767
43.05,-0.7124975841354477,-2.9195497637663363
45.85,-0.7204695864868038,-2.9626210746922186
40.75,-0.6807941258519594,-2.9971942459197383
39.75,-0.6970028233219075,-3.0405751093116615
43.25,-0.7085949884478543,-3.049566359898051
45.7,-0.7268454855157296,-3.084957683837171
41.1,-0.6587725782055994,-2.966116455698972
46.5,-0.7075722711342284,-2.9397037954496823
48.6,-0.7159913841334739,-2.978218209880556
39.85,-0.6844503947718715,-2.983665083059351
45.4,-0.703448186761067,-2.9781783715860333
40.6,-0.694456036876131,-2.9306993044750183
45.85,-0.7113600119566417,-2.916229079720307
41.4,-0.6991446331116674,-2.9710545770715626
43.55,-0.6999998729089312,-2.9385021043636987
43.55,-0.6849625835717508,-3.0496385557560926
42.35,-0.7064681386824898,-3.0280593755295797
39.65,-0.6807551470788693,-2.9866794827195084
49.2,-0.737352927455478,-2.9130489537996826
44.6,-0.7008871500029153,-2.951569569225004
35.7,-0.6649202469976628,-2.9481081963216464
48.7,-0.7268491159595926,-3.0088290096486756
38.15,-0.6787532545671133,-2.919562274563358
53.2,-0.7707565651413847,-3.0197335563947076
44.7,-0.7174266733075824,-2.9383962553345957
37.6,-0.6806898155498294,-2.965000803828678
47.55,-0.7226914576137078,-2.997030571119353
42.25,-0.7023462796723304,-3.0143423542795897
38.15,-0.6568005640084082,-2.9268904686612895
34.15,-0.644971448527461,-2.958865981951094
45.2,-0.7160504337974019,-3.017063513525657
48.35,-0.751949356913298,-3.0760837958788043
43.15,-0.6809078233115391,-2.993445943050315
45.6,-0.6969879274351727,-2.955586728488309
47.35,-0.7123683350645581,-3.060380142614174
43.4,-0.7181842236240866,-3.077277547123402
49.5,-0.7426435544767818,-2.996259910440699
44.0,-0.7204530419649939,-2.982850512932491
45.35,-0.7260472996576218,-3.0178916018347435
40.8,-0.6817287776637266,-2.9345199909389836
47.5,-0.7476731815480337,-3.0776746206724694
50.8,-0.7459758760900936,-3.0220444000369007
48.3,-0.7490828307167325,-2.911526637242299
42.95,-0.7142904200093756,-2.9698086940362876
38.7,-0.6749265562823409,-2.979572267468581
41.45,-0.7134368074791304,-3.0217215541096025
43.6,-0.7107347043347266,-2.990922272655892
45.7,-0.7202713368134981,-2.951246302113379
45.8,-0.7064247993999366,-2.9784758465843897
40.7,-0.6879777193041906,-2.975305706627905
36.3,-0.6469485390406613,-3.011229695607593
41.3,-0.6942247131692876,-2.9914244986292524
47.8,-0.740902303114211,-2.9775781588092274
45.0,-0.7128766758549683,-2.9871115639349863
40.1,-0.6938642930580623,-2.9383511339656034
44.65,-0.7166160701461363,-3.025781452617566
40.35,-0.6709208316085921,-3.0193770197391006
42.25,-0.6954096360981921,-2.964139674557521
42.4,-0.7150862489688314,-3.0343297823659237
42.05,-0.7038871991985773,-2.9234653661843204
55.7,-0.765986665135022,-3.0611081622172667
39.15,-0.6887524007274414,-2.973662607411085
45.05,-0.7273178263695244,-3.032663532488841
51.25,-0.731655359566584,-3.036476530127773
45.4,-0.7128326257343616,-2.9301182760509
44.65,-0.7285208356807703,-2.954334810508639
49.55,-0.715423565429653,-2.975544810557081
51.55,-0.7485461576550652,-3.0427980088026874
43.95,-0.709579940327709,-2.9678979711446427
46.4,-0.727947858013678,-3.0535821083730244
41.3,-0.7026534904198265,-2.9838479079489537
39.05,-0.6974772107172811,-2.9041863469929385
45.0,-0.7306084773994524,-3.0363290597897175
42.95,-0.7062175320252182,-2.991317526256728
37.65,-0.6633351391197901,-2.9662738272229325
41.05,-0.6684189660095783,-3.0111769034946763
47.1,-0.7098930873645538,-3.0060420925342672
38.25,-0.6690358153451477,-3.058339324007444
42.25,-0.7058599952707036,-3.01547241933261
40.15,-0.6755168756071362,-3.0098306964010844
38.6,-0.6915659686324525,-2.9719674003733076
49.8,-0.7495060950105269,-2.9778193998588844
44.45,-0.7137739305887872,-3.0158722933220217
43.45,-0.7053909936771483,-2.944834261411967
44.2,-0.7001829466195709,-2.9990627568432777
41.45,-0.7095352426890598,-3.0272374329648537
41.35,-0.7068891129185312,-2.9288043849402015
51.1,-0.7596097233341295,-3.042412337829863
45.95,-0.7256257945508872,-3.0058725563767474
40.15,-0.700207196135836,-2.9609242375574127
48.9,-0.7215590104489336,-3.020758989248697
40.3,-0.6980161368897311,-3.0518763726685427
43.75,-0.7348889270779735,-3.0128991711133315
42.0,-0.6981066407242762,-3.1212387380255673
49.1,-0.7391202529395924,-2.9724724588015174
37.65,-0.670495854532301,-3.0166744455208123
40.85,-0.6928284807003948,-3.0631881351815102
41.25,-0.7090802171136052,-3.031948667292631
44.3,-0.7220620201770325,-2.95488477353491
48.55,-0.7251179334192626,-2.9693322099369484
45.05,-0.7294779823187403,-3.00804115255419
52.5,-0.6936296070287901,-2.9928848519602362
34.7,-0.6474745503977457,-3.003309911000078
41.35,-0.7175471290706993,-2.984826598678539
41.75,-0.7086510961891272,-3.0607381762346777
49.3,-0.7217850011060579,-3.002477650238627
45.3,-0.7230588162380874,-2.93892785929217
41.45,-0.678606978677859,-2.9822693885747382
45.45,-0.7099439801533521,-2.9659271679535735
38.95,-0.6731406700799691,-3.0372949072137194
45.85,-0.7407799603088676,-3.0160822451267935
40.55,-0.6832078151496945,-3.0303571783201924
45.75,-0.7180819101954538,-3.064531934275834
48.95,-0.7386017831247365,-2.99290419449778
43.6,-0.7165952087697406,-3.022713911251033
38.1,-0.6772460251490499,-3.0132532703794284
41.35,-0.696814899293775,-2.9226605670701735
44.2,-0.7162803643755219,-2.992445736022632
52.1,-0.7335699875844002,-2.9682318580802667
42.15,-0.6981397550254228,-2.9838418312349484
38.55,-0.6825037809617805,-2.960859461511682
49.35,-0.7395866301080651,-3.076705252869038
42.55,-0.7122540559789635,-2.997190458565919
42.9,-0.7268384282315131,-2.9428586315547065
42.15,-0.7032245714777849,-3.0343447032199657
42.85,-0.6765694262728287,-3.0077001990801184
40.9,-0.6952377987263768,-3.041374674008818
44.0,-0.7262664908051293,-2.9937046424606004
40.6,-0.692337635333455,-2.9856063486780617
41.75,-0.6908508771601314,-3.0281776870530903
45.7,-0.7277633728190225,-3.061787833445927
44.3,-0.712533098301945,-3.0717255902386946
42.0,-0.6950195332068543,-3.0977558429954213
44.7,-0.7187652121659107,-3.0514163198633764
52.95,-0.695510005189826,-3.0593589008140745
39.4,-0.6931163760593138,-3.0608649081499504
43.05,-0.7092013076832395,-3.0621143557297175
41.75,-0.6916030956086644,-3.006180257921929
36.85,-0.6579772811595969,-2.9962779796285983
38.6,-0.6777212022042083,-3.098698329706581
51.65,-0.7335072053828081,-2.952904150973659
60.95,-0.7557795711695751,-3.0219242827819
47.0,-0.7381847840897187,-3.1575463324927866
50.7,-0.7561676778692945,-3.0823747173318625
42.95,-0.7148351735314179,-2.9952223901802855
40.45,-0.6808344203852787,-3.0259040287697423
43.95,-0.719969589221431,-3.023451120596822
38.35,-0.6852890156273019,-2.9388040249233196
38.8,-0.6783658220056055,-2.99789752546983
39.8,-0.6803904229118843,-3.078108306200822
38.2,-0.6482519873838753,-3.025223365126293
40.15,-0.6699995592749801,-2.9718103440244112
44.65,-0.7281860932848637,-3.0129078797280076
46.9,-0.7201925360362835,-3.04326992275482
39.65,-0.6907739999708018,-3.047041855343588
45.4,-0.7052636482329817,-3.043653873599424
49.45,-0.7290717063244979,-3.0810282724073605
48.85,-0.6706731828011637,-3.0736038007193107
48.05,-0.7444598078165964,-2.999974799063316
53.65,-0.7416148924873318,-3.0582333265081987
41.6,-0.7065948570987304,-3.0020434240520864
41.3,-0.7105979383748013,-3.044054072592739
46.4,-0.7341277099411495,-3.0216787154809217
45.1,-0.7322156288051139,-3.1005911959538275
47.95,-0.7133568245696941,-3.0949947583528683
42.5,-0.719657894986292,-3.09205291686255
58.85,-0.7327549410983054,-3.002790930344676
56.65,-0.7373144431698561,-3.0495364340220865
53.2,-0.702592744224203,-3.04987722165625
52.35,-0.7125240688173914,-2.9930879170186198
39.4,-0.6838498313486141,-3.101127251899883
47.05,-0.661895921799997,-3.0037981253859733
45.3,-0.7116587311132538,-3.0996893214605548
46.0,-0.730027845758273,-3.0818163845859012
45.05,-0.7412079638994951,-3.1320347449354164
42.75,-0.7038257295738422,-3.0841376103345763
39.1,-0.6769722673049202,-3.0432660101437228
42.0,-0.6974987526034654,-3.132919873519286
43.2,-0.7075600053077827,-3.1022896114210043
41.3,-0.7013368180208484,-2.9710884485382776
43.15,-0.7229474753551549,-3.081203949673106
44.15,-0.6759245185123828,-3.0926736564146937
43.5,-0.7112213643587012,-3.0463267854179725
50.15,-0.7543605037840322,-3.154232120452866
43.65,-0.7139427535031672,-3.103003123838289
43.5,-0.6806812740077045,-3.0707968534811014
43.3,-0.7234927996322327,-3.066237945327717
45.45,-0.7239039972700623,-3.0392429721379353
45.95,-0.7066286901129716,-3.0750415929894808
43.05,-0.7118267580949318,-3.049395723385551
39.15,-0.6579426545100637,-3.131026343068753
41.95,-0.7094941102475626,-3.108791714351793
47.25,-0.7458372923940212,-3.135966472826496
40.7,-0.6904937243338194,-3.06987546722429
44.4,-0.7205799863094513,-3.1269620107846094
36.8,-0.6687406741175028,-2.9872260333950136
37.35,-0.6515773554986924,-3.014499863544528
40.05,-0.6643147206918321,-3.106216028143736
51.05,-0.7480238506617192,-3.0901782494544783
44.75,-0.7204108462226624,-3.076874444336469
40.95,-0.6965321405232466,-3.127983742847696
39.0,-0.6787201321363023,-3.020422520567155
38.45,-0.6793579242792603,-3.0682095871376105
38.45,-0.6695188277529976,-3.0721071366740498
37.4,-0.6647237258410725,-3.0809897009227383
45.65,-0.665271606003658,-2.9547222982026105
37.5,-0.6504012381998773,-3.0555138043121715
48.75,-0.751812279287962,-3.0891708142614314
42.5,-0.7051654237894466,-3.0759953701232807
45.6,-0.730545021696662,-3.0753043427310507
41.45,-0.6878910687188371,-3.148243239008605
48.05,-0.7248668226643258,-3.1490247402604594
37.85,-0.6508763205241104,-3.1537662571946563
48.3,-0.7237361812188885,-3.023481538724366
42.6,-0.6996193025337454,-3.056080370888249
46.0,-0.7383789338646272,-3.1516665802984924
41.85,-0.6857135129992169,-3.0365662538683917
38.5,-0.6765368495375972,-3.0226762044952613
45.4,-0.7185667715299232,-3.0625780339225894
42.5,-0.7019929064233127,-3.0652123385117314
41.25,-0.6893815387475939,-3.037464854617954
40.25,-0.6975780091851349,-3.0595074037590035
38.95,-0.6717098536628946,-3.02705241463115
43.85,-0.7191057155465218,-3.0923832220159224
43.9,-0.7023363918573164,-3.119624771325894
56.4,-0.6765416266932658,-3.001117756154963
41.8,-0.7016581230437208,-3.06829955915379
44.2,-0.7104137018722189,-3.0655873612144453
49.9,-0.7404423618335475,-3.126378167408533
47.05,-0.7327703456547902,-2.996220857661191
42.45,-0.656648837041446,-3.112387418522386
42.55,-0.6656476642538485,-3.0974084731180094
41.9,-0.684530782194078,-3.1106688787513446
41.6,-0.6602085719267741,-3.1411419669036205
50.6,-0.7256311131056172,-3.094876501500445
37.35,-0.649674713587025,-3.0255213814326423
44.35,-0.7264800583166882,-3.0963106218723655
48.4,-0.7248778959101176,-3.1362807999061806
39.8,-0.6892712579191863,-3.0726529243777625
48.75,-0.7264541332695739,-3.126704602636315
47.8,-0.7165812238890565,-3.0706238796981444
46.45,-0.7319263934050075,-3.1327472958197986
46.65,-0.7181756790887748,-3.0756580974427257
47.35,-0.7253617177744501,-3.127127082582846
48.9,-0.7500607065532736,-3.1556617774217157
47.4,-0.7208276596860472,-3.048975370950387
49.3,-0.7532192144976146,-3.1402222083547344
49.75,-0.7372321275143613,-3.055879725988986
44.1,-0.7104443044170158,-3.0026112259476285
43.9,-0.7073373272923703,-3.1070481679398725
47.9,-0.7495101928759849,-3.169094930853526
48.7,-0.7195209083956435,-3.1368973187905045
42.55,-0.7134905266415685,-3.168611523096815
41.9,-0.6912337236877566,-3.0651895557543685
45.95,-0.7190724457185677,-3.155173627277518
46.75,-0.7287941331660435,-3.132373076749288
44.4,-0.6959024514019965,-3.120570488512472
44.75,-0.7260923399053751,-3.1114066556883446
43.25,-0.7081620953215174,-3.0799364422140934
58.8,-0.7351312191146613,-3.1630392690276814
43.65,-0.7158142340458642,-3.148356348134329
39.4,-0.6842659287090023,-3.112590410875257
46.6,-0.7426805211668812,-3.1468233621892345
53.8,-0.7592628439950148,-3.1821281158860457
40.55,-0.6971108761605668,-3.156815353263861
43.65,-0.7200775716717069,-3.1667655165328332
52.45,-0.7628086361598698,-3.1554775313517807
48.95,-0.7091104145205768,-3.079265162910774
43.65,-0.699726824457346,-3.124865253115879
51.75,-0.7464933810538807,-3.1625184658063046
46.3,-0.7268340372789477,-3.085938502531816
42.85,-0.7099285508891127,-3.1799375174814366
43.15,-0.6970597755557602,-3.177093616489325
46.6,-0.709478622807508,-3.104631072294958
40.05,-0.6807194361644645,-3.063482373389078
43.9,-0.7209531730678862,-3.2128746908599197
42.95,-0.7054154297774562,-3.115539800812223
44.8,-0.6931078883032192,-3.0692888390925392
47.55,-0.6974377717063158,-3.0830177034463877
48.35,-0.7334347642047595,-3.167541304373847
42.0,-0.699449232044445,-3.0895735299406533
45.1,-0.7250500792580701,-3.1844121679514075
42.75,-0.7039582951657319,-3.157825280977522
41.55,-0.7168740037839207,-3.192193792404796
44.55,-0.7229335656439921,-3.173779034827008
48.85,-0.6973040447128765,-3.1743877236341147
43.35,-0.7168470014597681,-3.138461219112213
40.3,-0.6911342444046376,-3.1373281257283328
43.9,-0.7084381218939665,-3.1860682320025737
46.6,-0.7177880488483611,-3.1519769349973927
42.85,-0.6803272510746367,-3.2149719988214898
54.8,-0.7230394727441101,-3.2588601648994255
49.8,-0.7085745657271478,-3.117014676073015
45.05,-0.6981423405820932,-3.2313427561681016
42.6,-0.7196960654438441,-3.2170294918579807
39.25,-0.6679808881226786,-3.1166492421934224
43.8,-0.7190100686766401,-3.0942068247005694
44.75,-0.6703049631694322,-3.168841376147437
50.0,-0.7362534945690984,-3.1410279476567897
49.6,-0.7200948675443485,-3.094610568625455
55.1,-0.7023061457541061,-3.0259511061849014
49.95,-0.7388099479704321,-3.203134119349709
44.75,-0.7240630584884198,-3.1966033002524705
40.25,-0.6423104602997955,-3.155347502856034
41.45,-0.6909631826444305,-3.1724418015391715
43.55,-0.6829497976141772,-3.1894591207964074
47.3,-0.7251826101787004,-3.113743667658579
42.9,-0.6769430367314541,-3.240284219827385
48.2,-0.7196075758429291,-3.221588043591138
50.8,-0.7386911071589926,-3.173721105355232
41.8,-0.69980445781752,-3.216101837765013
43.85,-0.7154204697473531,-3.129847287638145
41.4,-0.7167633825774316,-3.1811092725119408
37.95,-0.6863353070428088,-3.149055398959658
45.4,-0.699117720543578,-3.168200131518694
48.15,-0.7356978684010675,-3.028027097137783
52.3,-0.7361640238995644,-3.2574046121244393
47.15,-0.7422985343585589,-3.1680577823508362
43.9,-0.7240033319052366,-3.1110851693481196
44.5,-0.7124603602581768,-3.112801363493811
50.35,-0.7223502527850696,-3.1158197887888317
44.5,-0.7116533717406598,-3.08825859258865
38.2,-0.692528283244241,-3.1563465386729694
44.6,-0.72364809195327,-3.104470147713561
44.75,-0.7102036731807101,-3.087822455987249
42.05,-0.706021631950984,-3.183444163083017
47.15,-0.7437190539616133,-3.1401163719170007
48.55,-0.7247175532243547,-3.1389742456273018
51.8,-0.7451992874124824,-3.152072736976629
43.95,-0.7033972585919249,-3.1371634977697855
50.85,-0.7444403610141341,-3.2069667983821857
56.25,-0.7428945956541394,-3.1909837127032006
44.05,-0.7208482073405594,-3.195443684865827
38.5,-0.6852959004590528,-3.1210339550928126
41.1,-0.7009223353632938,-3.183903544487978
48.6,-0.71010536392528,-3.212263209250561
45.95,-0.7178263020286836,-3.259416135570124
46.5,-0.7152024587905539,-3.1579412469829484
45.7,-0.7003845685588169,-3.162119421379025
41.5,-0.7066362670870877,-3.2849687347806067
38.9,-0.6828549745708157,-3.115282751314083
39.95,-0.6797537944100587,-3.1313821521644045
37.25,-0.674886719741135,-3.2220783530060784
49.35,-0.7269310629958026,-3.2241243730902127
41.5,-0.7048656204015634,-3.2917093722461366
43.4,-0.7123545745462895,-3.2206291993404035
42.35,-0.7002171046741379,-3.139828460974443
42.5,-0.7066717456606316,-3.158037190716248
45.05,-0.725190499849122,-3.159281317884768
43.35,-0.7135603670354629,-3.1839876562608205
45.6,-0.6971710738927801,-3.178046953951443
42.1,-0.6925164660643952,-3.1981761326585874
42.9,-0.6946397753451021,-3.2290452401215965
45.1,-0.7063372691451074,-3.147610988367041
40.6,-0.6729758808838591,-3.1868153688878462
42.3,-0.6992320597189663,-3.1872278713945716
45.0,-0.693542214454288,-3.1768787203016466
47.7,-0.752363496536088,-3.169657619455914
46.4,-0.70740801966207,-3.132977655949844
40.4,-0.6994261630424792,-3.185194504449505
46.35,-0.7056645733093921,-3.16271308694455
38.3,-0.6821804875647219,-3.2973090334758246
39.05,-0.6787400373943051,-3.260159607079106
38.85,-0.7041668429698336,-3.1704331056217887
37.45,-0.6750393829098955,-3.19328000108795
38.35,-0.6828858529386822,-3.1378013825140796
41.9,-0.6869644553789791,-3.2188571786679345
45.5,-0.7128569876672318,-3.204732317276728
38.4,-0.6925094600159809,-3.1777292424047126
44.05,-0.7084057501110043,-3.1561424361017685
39.85,-0.7012482860356805,-3.140075673685805
47.15,-0.7456025793763688,-3.215711348887153
40.75,-0.7050375311951715,-3.15102159387846
40.4,-0.6883868160288532,-3.2495842851486665
39.25,-0.7000976249258002,-3.1498244451551005
45.95,-0.7197059948527765,-3.171210879108023
36.8,-0.6576097925404818,-3.201086575626912
41.15,-0.6797346188279242,-3.2809099044135146
48.45,-0.7396074908871342,-3.2339235735956384
44.15,-0.7245486908153943,-3.197585318809745
36.45,-0.6674937045523291,-3.1554967611697164
37.8,-0.6829152577047893,-3.173515542101683
41.6,-0.6868078792030763,-3.1748439618240876
46.45,-0.7214841339640177,-3.274826029021683
40.25,-0.6918940394274515,-3.1919590181763295
44.1,-0.7227026651200258,-3.165036654778154
41.7,-0.6847216419357207,-3.23323293355011
47.05,-0.7296763843859518,-3.172684894231005
34.55,-0.6415205418173924,-3.1560421624728727
45.7,-0.7107178823771065,-3.2204864967987197
39.65,-0.6882248182531686,-3.2872808870270385
42.05,-0.694041643227066,-3.2315248138234205
38.95,-0.6758841305034691,-3.1474178915900604
41.85,-0.7040925843872048,-3.064998667023426
40.2,-0.6854699199039482,-3.2111962313414786
45.6,-0.707647915724834,-3.241660771113852
41.3,-0.6947733049998236,-3.189975425851609
40.8,-0.6974307044914091,-3.1790136953924693
51.45,-0.7553713947745947,-3.237447954531104
47.55,-0.7282043634637589,-3.264341758222893
46.75,-0.7429329115849062,-3.2079668238231185
41.45,-0.6934329987228909,-3.1962109116255935
39.5,-0.6931189350700285,-3.293686111087106
47.2,-0.7361954529682894,-3.324249255507256
42.8,-0.7056095740891299,-3.273588574647674
36.55,-0.6455210247002211,-3.208881788442805
41.55,-0.6930661025810994,-3.2235052438803145
43.2,-0.6816802865918803,-3.138849669931918
43.25,-0.7203623381634763,-3.1281327297565187
45.1,-0.7072508683450336,-3.1378714563979715
45.0,-0.7076127322944891,-3.191855460897533
43.8,-0.7148067415723781,-3.265852635710934
44.3,-0.6884186528557809,-3.102135941225471
49.5,-0.7250826277876894,-3.2048881422572313
40.3,-0.7080638173880368,-3.24306369338593
42.75,-0.7077139742323941,-3.180131089458738
43.05,-0.665794713042321,-3.299772150545882
42.35,-0.7076893276327014,-3.1641709801499105
39.05,-0.6906393956700145,-3.19905207281433
40.8,-0.7031470887047424,-3.177709438345046
37.4,-0.6845963791266205,-3.182979711426913
40.9,-0.6888121308215958,-3.193987348630506
42.3,-0.6895968592732763,-3.1136753680587548
43.15,-0.7021076381218883,-3.232435007084112
41.55,-0.691973862980219,-3.282725742587258
40.35,-0.7049089317119815,-3.1413167363492747
43.9,-0.7180920535436008,-3.2726440724159134
45.35,-0.72354917393819,-3.2722254038394256
43.15,-0.6876011590445044,-3.208578935258891
45.1,-0.7354145726441191,-3.145544363379232
37.1,-0.6675982485631137,-3.1774863678580987
46.95,-0.722757545075284,-3.2532258153887113
49.55,-0.7290001272392861,-3.258073362889769
43.3,-0.7130392321635821,-3.1579567012523233
47.35,-0.7312415455250129,-3.1666353205604683
37.25,-0.6556006374255122,-3.257168825334472
48.85,-0.7125316515246565,-3.2276993191014407
36.2,-0.6685559289713661,-3.2475683605932124
45.25,-0.710157451525901,-3.1716045827594597
43.9,-0.7005442886867838,-3.216691370429357
41.35,-0.7079368007670279,-3.2198134393215385
40.85,-0.6841870976209411,-3.2668974058109597
43.35,-0.7245405935386361,-3.23069381044773
47.95,-0.7288866989986065,-3.1483461814562506
37.35,-0.6782208745755534,-3.233369639317209
41.35,-0.6410176297561495,-3.1986272575772867
42.25,-0.7088092821883778,-3.1835690668054837
50.25,-0.7505957743593028,-3.2459334536926825
48.75,-0.7451421840214079,-3.2177445052710167
46.05,-0.7240857441614381,-3.20695391051128
37.35,-0.6803062889520424,-3.1744052429256975
42.8,-0.7078094906420689,-3.222990234820498
38.15,-0.6874889365893251,-3.2650137942956925
37.15,-0.6721354995835859,-3.242680280355862
38.75,-0.6965292953296844,-3.305823980809079
44.25,-0.7122383852504058,-3.2768847096910925
49.4,-0.7508825338241217,-3.1180857522021954
39.05,-0.6992876318012216,-3.234969520272376
45.9,-0.7356949923417551,-3.2943385435444683
38.55,-0.6868576330711955,-3.3168216821115584
46.9,-0.7088831456363591,-3.2067398121371427
43.3,-0.7050739140051855,-3.1700512974830515
41.55,-0.7036728340791752,-3.2326321786853094
40.9,-0.7154070921905883,-3.232997311373687
41.2,-0.6767436365681093,-3.2264225190060443
42.6,-0.6845493155420238,-3.158097190176127
46.9,-0.7207670743145328,-3.3081136812636585
46.85,-0.730253903124239,-3.2782029125418695
42.5,-0.7255515157163661,-3.228601749866172
50.1,-0.7452647701208779,-3.290454801228863
39.1,-0.6748943643177538,-3.2370107496643064
38.75,-0.6731510166430026,-3.299290919046689
44.05,-0.7143927471542482,-3.248598492376604
42.9,-0.7114163085963945,-3.2491346336352662
34.25,-0.5963450859745772,-3.1927751059757457
39.6,-0.6995156393536113,-3.292723178481051
46.45,-0.7401450142740371,-3.2910671426430738
44.9,-0.7205578881002792,-3.245935481697927
38.4,-0.6746740065417571,-3.2422003424563366
39.55,-0.7022525496658383,-3.197428018106808
45.35,-0.71588013569862,-3.2378189073070245
44.2,-0.6738354597475767,-3.245319754828002
50.05,-0.7339804486578572,-3.2905033854545764
43.0,-0.7309885353690638,-3.2528629253092967
45.8,-0.7093073195622094,-3.3311161513266363
46.85,-0.7216010008170074,-3.327056525589903
40.6,-0.6929087656747273,-3.2786367479833785
44.4,-0.6917550362298526,-3.244629580763746
40.95,-0.6669884614253909,-3.3084878796236685
54.25,-0.7434224807685044,-3.277121564809792
46.7,-0.6996880966365725,-3.200358905394867
44.8,-0.7293138574883555,-3.2552383346477205
43.7,-0.6871922078274528,-3.210667261125021
39.2,-0.6912310622883664,-3.2797207728087314
40.65,-0.6986005448434508,-3.1872282187613794
38.7,-0.6557206796782287,-3.2515375276412337
45.1,-0.7071635850906588,-3.296213794755375
37.0,-0.6554679188203194,-3.2701416103808483
44.5,-0.6998229162430681,-3.2248988220252803
40.05,-0.691654162819649,-3.234444488553881
47.9,-0.7410856123360817,-3.273822408126512
42.9,-0.7100119629243791,-3.268045347575326
37.05,-0.6515635445467749,-3.248005132996834
34.15,-0.6230406286698146,-3.2966149749195197
43.4,-0.7135092571913233,-3.300220436675764
50.9,-0.7319401095442662,-3.2843129668556963
42.95,-0.7303975887658883,-3.2211759174514176
40.95,-0.6864294279301638,-3.2520752618508966
46.15,-0.7302605760017056,-3.346126592703462
45.7,-0.705586975937737,-3.245592315612634
47.05,-0.7042396023561618,-3.272812770452453
42.25,-0.7075488049499545,-3.2842695892105085
