210.4,-0.9336876012303025,-0.021243211602805095
183.85,-0.9256712912797613,-0.0748752369294241
202.9,-0.9336874364602729,-0.13457793186008046
164.95,-0.9105552840695627,-0.1940180266532965
187.9,-0.9283512654971936,-0.25703232185730396
145.55,-0.8988493443846094,-0.31398350726645047
176.85,-0.9111539071204471,-0.3731919971173807
124.0,-0.8784995798665192,-0.4251754785318334
163.05,-0.914857232385514,-0.47838459565166536
152.3,-0.91151577934186,-0.532752997061104
172.35,-0.9186816512626157,-0.607414506672885
144.1,-0.8764931091607059,-0.665575613515026
157.35,-0.9106077388663574,-0.7397394805831337
160.8,-0.917526303275325,-0.7807057324546203
152.9,-0.9064216559033593,-0.8365801810671798
152.65,-0.9048183050370776,-0.8932920514021079
140.6,-0.9032026783597443,-0.9712551589881506
133.25,-0.8804645421187894,-1.0249153516554315
118.9,-0.87765906672597,-1.062654920179236
144.75,-0.9004758553984569,-1.0921896789835484
115.0,-0.8681553304508091,-1.1373936619277574
145.8,-0.8749502581023723,-1.2635024180128138
112.1,-0.8681503975169628,-1.2780691606301626
129.05,-0.8912966185788769,-1.3174960194522727
124.4,-0.8670177642482709,-1.3578409511361778
148.35,-0.9113808274465371,-1.4245378845717633
132.85,-0.9019814536692454,-1.5073099048232623
113.2,-0.8672905660740711,-1.5625080888383935
134.5,-0.9023407926780947,-1.62861290303652
122.9,-0.8847140520744053,-1.7140637754093606
99.8,-0.8509074970098741,-1.6109995785065674
132.65,-0.8908988311957637,-1.7544958227291338
111.5,-0.8693721444878575,-1.8021873003039217
105.8,-0.8814852954410826,-1.8206647297162353
111.75,-0.8770916397486586,-1.8369562736167129
89.05,-0.859781466167345,-1.866929614298217
98.05,-0.8716103929921966,-1.9605571409157783
93.65,-0.8477808582205053,-1.9762117821316054
96.95,-0.8761482004468061,-1.9546127122937462
103.75,-0.8708113310681265,-2.0476322258989788
87.25,-0.8482106559997129,-2.090497709646794
99.1,-0.8728620350014606,-2.104478154188688
94.35,-0.8503398092071833,-2.1042033272721445
93.3,-0.8510736566376753,-2.1862913962838806
94.3,-0.8570991623651574,-2.2255097097955376
86.15,-0.8341017512223651,-2.1634176747592546
100.45,-0.85520749224863,-2.27050809229939
76.0,-0.8447002849860177,-2.2406758264504463
87.55,-0.8468807341229757,-2.2892344252483157
100.85,-0.8475298224174768,-2.2374593498353645
101.25,-0.8831424667330767,-2.3806961439671457
83.4,-0.8409525077383773,-2.418041663750809
81.35,-0.7943572093540974,-2.3211644386142876
73.25,-0.8118092577563208,-2.3990729698773197
84.4,-0.834921098554911,-2.4341477298832848
83.2,-0.8363647712984605,-2.4096028983509514
84.2,-0.8480026505035205,-2.559586278581773
87.95,-0.8501058537925633,-2.505352577116251
95.3,-0.8728213115533405,-2.5250854519617807
82.6,-0.8408596910729044,-2.558282330517347
81.45,-0.8441435014911457,-2.658430942574474
88.3,-0.8542873163810796,-2.615961752900686
90.5,-0.8499890926819266,-2.702457161570244
87.8,-0.83768099475515,-2.653126678400217
78.2,-0.8258610469172842,-2.702641873909209
64.35,-0.7878785976497537,-2.602458346926519
76.65,-0.8194314077727135,-2.6967799364835523
90.65,-0.8465512686190737,-2.7477103198474433
88.35,-0.8486698213223786,-2.7908236439630025
67.15,-0.8268086818118597,-2.607210984733492
74.6,-0.8264038451656693,-2.7507351529669832
73.5,-0.8015283683685235,-2.867331485641034
68.05,-0.7954476621236215,-2.716982122371093
82.25,-0.8338947982715533,-2.910119742756824
60.75,-0.798894339577003,-2.658368028187497
70.7,-0.8238391306564748,-2.9232382611723184
75.35,-0.827297313105964,-2.8872127999450594
65.05,-0.8185247596678222,-2.864147052469142
75.05,-0.8215824281191191,-2.9591610451624835
58.75,-0.7783956820182055,-2.751264206185597
68.2,-0.7971791746850598,-2.84762071528979
68.95,-0.8027752852468808,-2.773631948416194
64.7,-0.8023435933670786,-2.9045647786232682
61.3,-0.7669482784387246,-2.8759817681927595
61.7,-0.7736294347650454,-2.7932414365872025
68.75,-0.817065505543699,-2.897186737506084
61.65,-0.8029600639889948,-2.930137007023738
59.75,-0.7808110117050874,-2.831681602228882
65.35,-0.8187020172184825,-2.9203978087082105
70.6,-0.8222890982998704,-3.0020003037898038
59.7,-0.7927205629583111,-2.9858785965892056
67.5,-0.7917106689814715,-3.038897649255917
57.15,-0.7665060730852781,-2.961912674642683
66.7,-0.7862347856258444,-2.9640098910373167
63.85,-0.7902226934631748,-2.9803009043847797
74.35,-0.8170415183350788,-3.0595707187326204
66.9,-0.8012687247544177,-3.072175283962607
55.45,-0.7601097800300548,-2.960273398684991
56.2,-0.7858533969148216,-2.9988283461417136
66.6,-0.8170395880532733,-3.1944384097997505
57.6,-0.7843095354773686,-3.0272925814959626
57.05,-0.784872531018343,-3.0380328034047848
61.55,-0.7935696604577818,-3.0829059633834133
67.25,-0.8133081831913037,-3.1766858740701855
65.6,-0.8121705663439304,-3.1104902512740846
64.75,-0.7991760414101804,-3.177187350049419
60.05,-0.7992988372842301,-3.0753113514834474
67.4,-0.7993219122582205,-3.039100791964217
73.5,-0.8151054656025684,-3.2667100706569983
56.45,-0.7759361782605769,-3.0955114970202016
57.0,-0.7563667246753942,-3.229063428387304
64.3,-0.7692870585988839,-3.256122557187781
61.25,-0.8008481677298592,-3.2261009578196216
56.6,-0.7905561216509899,-3.1585143192633245
62.05,-0.8002334004425453,-3.142545698556446
74.45,-0.7765866411636887,-3.1566931803966156
62.5,-0.7943326589317851,-3.192434531969102
68.5,-0.8019756070054737,-3.3189793656998576
65.05,-0.8050297095198964,-3.1614747095236617
59.15,-0.7536691532654112,-3.1987327765841345
67.2,-0.8048799805930791,-3.3542816768808286
63.5,-0.7745007303866678,-3.2286645984536135
66.8,-0.8094180566243349,-3.3723143023140607
59.3,-0.7808283170325725,-3.386697368356958
67.1,-0.7941421538883757,-3.33904002418777
59.5,-0.7765825527373473,-3.1935643348510014
58.8,-0.7824724047553739,-3.293479445651483
57.8,-0.7857820456963798,-3.2835795649274715
54.65,-0.7532658570663849,-3.2911058196471514
51.25,-0.7557156369510413,-3.2411527039555033
58.25,-0.7646527921774324,-3.259308905848669
52.75,-0.767217522140443,-3.314668339778642
52.6,-0.7591552291641205,-3.300803935328232
56.4,-0.7691098414255652,-3.281050541392651
57.8,-0.7701086019854986,-3.2848233246521126
57.35,-0.7800799145574346,-3.390291235458347
59.15,-0.7711699107484329,-3.308437002842034
54.3,-0.7655574385427893,-3.445423881330543
56.4,-0.7846353054311536,-3.3458733439849744
53.3,-0.7504594444874959,-3.422170344275256
61.85,-0.7843657494794491,-3.469995194155456
55.55,-0.7721773776231422,-3.314177369333835
55.75,-0.772989805161332,-3.331112330057563
55.05,-0.7708950924655004,-3.329586892474952
51.1,-0.7522974776496004,-3.339955199066374
52.2,-0.713072086088086,-3.3049908913062174
47.2,-0.6879637311756569,-3.3737819995835445
53.9,-0.7714886295331222,-3.389424145219684
59.85,-0.7820050084719408,-3.376065464788815
61.0,-0.7821802342715657,-3.4448079581543594
61.55,-0.7961981206828693,-3.407787894710988
62.0,-0.7650444900449727,-3.4080522734842362
64.5,-0.8014264424926066,-3.364700957277928
55.4,-0.7801731676368651,-3.4303192018557405
66.95,-0.8144189256604418,-3.3998845593995526
54.1,-0.7520208904275937,-3.39205698066719
53.9,-0.7479540255104272,-3.4141554187637553
62.5,-0.780668679531967,-3.437827899233972
60.7,-0.7672660085758256,-3.476799597512658
50.55,-0.7550227306238605,-3.469969239314556
59.3,-0.7835163699946698,-3.5036074596142512
55.15,-0.7653010131901942,-3.356847970262715
49.7,-0.7261210720329476,-3.352617103333814
45.85,-0.7040131215082142,-3.369463663606645
58.75,-0.7606499603297083,-3.489311195165597
57.45,-0.7707580162211335,-3.544749714618461
56.9,-0.7610665162432495,-3.451660465375994
60.7,-0.7978304222527499,-3.538032115202333
41.6,-0.6821404597958549,-3.3061548925740682
58.45,-0.7911703012118939,-3.640527109001744
53.3,-0.7624114404882021,-3.49074368526473
55.3,-0.7576786490330437,-3.527765945385588
52.95,-0.7505120377889762,-3.386820883086171
52.6,-0.7693403307462148,-3.4412704395731644
66.65,-0.7943761537028037,-3.6698795363294834
58.4,-0.7703575153859118,-3.3809988842494265
55.1,-0.7537216648280938,-3.4220908845873543
57.15,-0.7630263478178886,-3.527726936653701
51.6,-0.7651402324479857,-3.4508245246067233
56.45,-0.7734887264901599,-3.4524224857361228
56.65,-0.7791985416420097,-3.5599830625572606
55.9,-0.7543064443272448,-3.558012141327101
62.1,-0.7571131830415483,-3.550543757103837
56.45,-0.7652253230438157,-3.6448783782825585
54.35,-0.7582697538443062,-3.6470140960108184
57.85,-0.7820008372751172,-3.4930127862414238
51.35,-0.7450846672671363,-3.33379826390838
60.95,-0.784285230309294,-3.5490729321436376
53.35,-0.7758775983426914,-3.516365587947895
53.7,-0.7606691644231136,-3.6100036667822826
58.6,-0.7833064720794567,-3.6281918089939986
56.95,-0.7825699545303882,-3.569053499075708
57.7,-0.7832184170445784,-3.551977653458934
48.65,-0.7014941299419356,-3.511273636824528
52.6,-0.756495358975221,-3.6266929731872155
48.55,-0.7446380255337854,-3.590672626532019
53.3,-0.7728001910922058,-3.6321728214069617
69.7,-0.8107482631195667,-3.605629010260361
52.15,-0.7716611803529959,-3.6112173808483776
59.0,-0.7836635962088049,-3.6091355358485244
60.15,-0.7711250625814069,-3.600885899451586
49.5,-0.7520571580860367,-3.3938464789996274
51.0,-0.7652701563491557,-3.599747406907457
59.05,-0.7992450561761725,-3.5603076158245512
53.05,-0.7752465645767583,-3.562652377098402
57.1,-0.7836905905375092,-3.503757377135218
49.65,-0.7579683675213609,-3.7145102654989683
48.6,-0.7039111380327273,-3.647203638400228
62.45,-0.7997409717353845,-3.731864352663462
46.35,-0.7279383440899916,-3.5604195023379304
68.5,-0.7903570425564713,-3.6461597651005797
60.0,-0.7757666028036997,-3.6653404595263774
51.55,-0.7631152492595895,-3.65510861629611
45.0,-0.7346773433151803,-3.472897328331593
54.4,-0.7544656550055158,-3.724629494416282
47.4,-0.7502187344398654,-3.6978811113305987
58.65,-0.7643639086558036,-3.678634928946861
56.65,-0.7821300746923415,-3.665559293663018
48.55,-0.7359422432857363,-3.571318971943177
53.95,-0.7665981253793549,-3.7072750032241863
52.25,-0.7379178201671864,-3.6960420101300206
51.3,-0.7480723435793296,-3.6019243575335067
41.6,-0.7196608366385365,-3.5696178720407423
57.0,-0.7726493670970889,-3.606521556401514
63.4,-0.7780048160774471,-3.570943812426962
54.05,-0.727320361881281,-3.6315559065604246
52.65,-0.7515221584446672,-3.795637399120453
48.65,-0.747090472252798,-3.6278015086738344
39.15,-0.6892927709457729,-3.4823873896665702
64.5,-0.7960766294980685,-3.8125480200327373
57.8,-0.7817649508133109,-3.7795522192631914
50.95,-0.7397253383645215,-3.764510079125081
48.0,-0.7532486850468021,-3.700685929112006
52.85,-0.7402359854018364,-3.5975285412221014
52.65,-0.7677752145230732,-3.6974140671175086
54.0,-0.773857292004459,-3.6636192124862674
53.3,-0.7677685488304258,-3.789362149502792
51.9,-0.7669975532563464,-3.680663758410217
51.15,-0.7331027471139403,-3.6736040414411937
60.1,-0.7768559153895799,-3.7081938893019197
62.2,-0.7838086381209252,-3.6582889134077354
50.95,-0.7537057387620358,-3.765828249852297
43.3,-0.7005246403283591,-3.634994636054878
46.5,-0.7156025405711672,-3.5969945496013778
47.05,-0.7303653386346011,-3.643266752005027
47.7,-0.752064741329522,-3.540395844472267
54.75,-0.7551647576371979,-3.7472727798553946
55.25,-0.7707917545987037,-3.8262771487711227
48.5,-0.7274359307674397,-3.7892879315361525
48.4,-0.7429594045035837,-3.69285826620118
54.55,-0.7820393241496134,-3.753015349281142
60.6,-0.7888141995615106,-3.625582252410422
57.1,-0.7705763098623402,-3.7224081056949623
50.65,-0.7456296242547783,-3.7839057098537197
59.85,-0.7813425307764055,-3.7502351427837177
51.7,-0.7314458602656841,-3.700520451772319
48.7,-0.7531141999926637,-3.7380466232483416
51.65,-0.7639913153929914,-3.792690910780597
49.75,-0.7624301056324931,-3.6950221187590335
48.65,-0.7163506783260671,-3.866964306279437
44.35,-0.6371347369434762,-3.72162296850304
52.95,-0.7612028039587228,-3.816053686952563
62.15,-0.7612310536785091,-3.886432903225213
53.65,-0.7693437430867822,-3.7852023885998056
53.3,-0.7408198421069023,-3.668887727966163
46.75,-0.739007087687291,-3.653077215765392
61.25,-0.763852157864241,-3.6787072341204743
46.25,-0.7277447788213329,-3.740967896680389
52.95,-0.7498057708361187,-3.7523546992316903
45.35,-0.7301537992064424,-3.692335793103765
44.6,-0.710844886593109,-3.7092992910457183
54.8,-0.7638483736560452,-3.758644494398433
53.15,-0.758901788664913,-3.7240574651781904
47.2,-0.7440199975629492,-3.7835275158888804
51.9,-0.7623590311698293,-3.753418791718425
50.8,-0.7368169326473047,-3.9324030274964237
46.1,-0.7245906238637884,-3.752993030008993
51.15,-0.7480690661291901,-3.801987833794199
56.4,-0.7745954414727965,-3.9026840031766548
54.1,-0.7576761725723975,-3.7841857737629367
56.05,-0.7763661802821217,-3.8166944808737417
55.0,-0.7648357655736613,-3.788827958165352
48.35,-0.7495574891519935,-3.7199104109270293
47.45,-0.7093016509031081,-3.7091385635975618
47.55,-0.7360117706273246,-3.789954793068474
51.9,-0.7488799057725595,-3.6069650231128123
54.0,-0.7536100448109331,-3.7405059534832317
48.45,-0.7433184999123852,-3.8382801808491216
51.0,-0.7623551463630321,-3.767566481228472
56.9,-0.7751327258948901,-3.838922687286361
50.95,-0.7403025300294864,-3.759513198184601
52.75,-0.768193269082446,-3.8035831310636694
50.1,-0.7465639126530209,-3.789577124287754
46.4,-0.7263355841909512,-3.745930263789287
55.9,-0.7673668008660791,-3.815010725173887
52.85,-0.7649685026285125,-3.827457593970396
51.65,-0.7600712528979766,-3.8355953971361685
48.85,-0.7174490114361435,-3.612997857859002
57.0,-0.7515744359584255,-3.8468092699030167
48.8,-0.7236100570103607,-3.718954659570052
49.95,-0.7528450879255779,-3.9505449392965346
50.75,-0.7364084409878503,-3.898726935854092
55.2,-0.7609794993546868,-3.8867338477812376
43.3,-0.7251343458061369,-3.7339827981329634
53.95,-0.7457828543431835,-3.8169172738481363
45.0,-0.719024049192279,-3.780879971566138
44.55,-0.7327256921393897,-3.8318281206893348
55.65,-0.7730309356598127,-3.988960553293938
45.7,-0.7397002888651298,-3.6227516607217454
50.35,-0.7522494008749786,-3.867454910373631
49.45,-0.7521384074463823,-3.735441425463834
48.0,-0.7321836126888229,-3.7630687348943703
48.55,-0.7441870110127159,-3.861638017028772
38.9,-0.7015997981655627,-3.7472759025438243
50.6,-0.736417988520464,-3.8545401939306445
50.8,-0.7321521373070434,-3.7703372916098297
46.95,-0.7066390309597654,-3.6763761941895083
49.1,-0.7542298887686544,-3.8937255497472223
49.2,-0.7447916274036575,-3.8109426273237146
53.5,-0.7752005665944358,-3.863863558671963
46.85,-0.7411944843647658,-3.8840097857224256
46.75,-0.722987128176636,-3.7403121808415323
50.35,-0.7562909578528706,-3.7579398493444947
45.4,-0.7311527738103852,-3.6404837891037
45.4,-0.7042674087229506,-3.7531703118930664
53.7,-0.7429489268042027,-3.8237299392301787
46.2,-0.7083223320164698,-3.810651180196461
48.8,-0.7421737100450236,-3.8548311073872883
40.35,-0.6988552771749412,-3.8700929229975976
57.2,-0.7574695204575351,-3.900760817727101
56.45,-0.7550696145002792,-3.7994810832029913
41.25,-0.7151831128963839,-3.7035925175734787
44.8,-0.7238256964923456,-3.6910246298293368
51.2,-0.740381450136246,-3.9188855209859055
52.05,-0.7540854889468159,-3.8256738362698757
55.2,-0.7627407351786877,-3.862274784745108
40.65,-0.6983847544989701,-3.934319228581495
56.65,-0.7385074008804932,-3.960064240011929
51.55,-0.7496201241659283,-3.812243139842617
50.9,-0.7359349607202547,-3.744484194180014
48.7,-0.7391429449838796,-3.8876035303370506
48.5,-0.7469525753365873,-3.770623276327478
50.6,-0.7617204354575394,-3.903655152010682
45.15,-0.7334864385958235,-4.007772574137149
50.35,-0.7473348646593128,-3.87795251450964
60.7,-0.7902702673265363,-3.9129030995856433
48.35,-0.7574235344761795,-3.8386007424982758
54.45,-0.7632651636027642,-3.8066505997638975
52.0,-0.7468580554726264,-3.840057820082257
53.8,-0.7562885182981998,-3.9267578842764785
57.0,-0.7796159467611921,-3.935398577145223
46.95,-0.7202481008097912,-3.83468560065728
59.1,-0.7628714342842308,-3.906390586124931
55.05,-0.752697434700817,-3.876203334032561
51.05,-0.7480312279301177,-3.8141671321307578
52.65,-0.7499236335635837,-3.98411321528875
48.65,-0.7305122299808752,-3.747023449472729
48.05,-0.7164123009866995,-3.899567646408795
43.65,-0.7094545330344383,-3.9601731951717363
60.1,-0.7607576016470139,-3.8600576282574734
45.7,-0.7219321518735737,-3.880297052393341
48.35,-0.7478600229829916,-3.8520093666659916
51.7,-0.7411125073894806,-3.83076911230109
56.1,-0.7709607851244276,-3.887557580389396
51.8,-0.7475699762919399,-3.8375300090112683
49.4,-0.7347845374131349,-3.8330030520987632
41.3,-0.6947980635540525,-3.9073460630905705
55.55,-0.766576989260121,-3.959238235846714
44.25,-0.7245381247902892,-3.826689976675934
47.9,-0.7065242506523505,-3.897776055537573
52.8,-0.7143807682927202,-3.716732368553957
52.45,-0.7518159638352675,-3.8405336700180492
63.4,-0.7637025350396563,-3.896182840545104
56.7,-0.7672563700558969,-3.914831576168761
48.35,-0.7467693612388737,-3.8544189030308056
42.75,-0.7072909860786218,-3.9434958383076486
53.6,-0.7556863421092054,-3.9942508908091257
58.55,-0.7748934702277951,-3.856201369860515
56.95,-0.7601944990460916,-3.852679410477627
53.65,-0.7622774887910184,-4.033861863660469
47.85,-0.7536298577601527,-3.955039562071312
54.0,-0.7372499836750757,-4.047230383226171
51.75,-0.7483452236091054,-4.038614720992459
45.75,-0.7065417005242086,-3.922733720096621
41.2,-0.707480147900603,-3.9507318731125487
48.35,-0.7478651589562182,-3.894240664047264
53.3,-0.7308033482629412,-3.953366509403869
52.3,-0.7219728237099166,-3.9654141219184877
54.75,-0.7569048200645774,-4.021122109061326
57.9,-0.7487100299079977,-3.938870186300535
56.65,-0.7600496824664276,-3.914493684527456
43.0,-0.7090165211473888,-3.8727056320620945
50.65,-0.7503402932556344,-3.894042665228048
49.85,-0.721033482770526,-4.093283307557544
45.05,-0.7099490717677281,-3.9509441202973035
62.55,-0.7484340448944544,-3.9651511951889438
50.75,-0.7511406341901431,-3.9121887136876445
51.25,-0.7464109459710553,-3.9082206445786873
44.65,-0.7203613723134117,-4.102709555347541
50.45,-0.7267020769381654,-4.02752190820037
45.45,-0.7164081097355661,-3.9064793881661517
58.25,-0.768130239983272,-4.047763157003672
56.15,-0.7501800475031712,-4.005231696027332
52.9,-0.7583057897167295,-3.914103631205107
43.8,-0.7335233360464974,-4.046353105575708
43.4,-0.7169392043412571,-3.947224094895044
60.15,-0.776523445353426,-3.932804119020659
48.55,-0.7307964561491487,-3.9747071347728182
48.35,-0.7481836773314432,-3.94555576377443
48.15,-0.7347014299495174,-4.074622761453496
57.2,-0.7752035584395024,-3.9789483935398677
49.55,-0.7498065710727688,-4.109625407703654
50.0,-0.722307669535404,-4.033850155245469
49.35,-0.7507012516511933,-3.995489073620908
40.4,-0.7103776965031163,-3.933479873689169
45.25,-0.7182287748685139,-4.052479899208056
41.05,-0.7190623924142817,-3.9434572359406532
54.1,-0.7403385007356691,-3.908965184859331
41.15,-0.684292195569135,-3.751465949898614
46.35,-0.7008269531067987,-3.990900444311392
46.1,-0.7157172497381086,-3.91516585367133
53.0,-0.7278080119761323,-3.912778968237826
63.5,-0.7574258598542523,-4.136874329588162
49.2,-0.7341516747061234,-4.015399239899235
49.3,-0.7492434311561244,-4.1055538197814245
48.75,-0.7221987760344435,-3.992418385250796
50.25,-0.7447167447980074,-4.060504542830327
44.7,-0.7094402556433957,-3.954071792543032
43.1,-0.697911094578491,-3.7708877046043363
49.15,-0.7543778799648837,-3.9765231264977468
54.0,-0.7657850373612096,-4.005307902419212
45.6,-0.7305864375728834,-3.9381379932767366
47.95,-0.7390712454134634,-3.98263053754429
51.35,-0.7591115066297784,-3.9598812953232
44.5,-0.7195140200273042,-4.122047339256854
46.35,-0.7310924572031201,-4.078980373511053
48.95,-0.7339685422736857,-4.069503429467917
51.2,-0.7509758914134916,-3.9784939168136333
49.75,-0.7317809476902923,-3.9992631478747085
46.55,-0.7281942234050557,-3.858801828363145
56.75,-0.7441318171995672,-3.836064248370918
45.5,-0.7007151069304685,-3.9049688462479266
50.35,-0.7360710028154895,-3.9951786574383683
47.95,-0.7461258241277169,-4.117377480706988
41.15,-0.7027286498672044,-3.9874513148498245
48.35,-0.7209334881223557,-3.9248318333136396
46.75,-0.7174954909634469,-3.888649225559681
48.4,-0.7295715507411108,-3.9693170239363362
45.1,-0.7210047749811339,-3.9967335214945927
58.05,-0.7644449036709199,-4.000571096456466
48.85,-0.7323883941816577,-4.064182667066361
50.0,-0.7282427266985174,-3.9920152192434673
46.95,-0.7110432327787496,-3.9962474603155433
44.65,-0.7265178342964813,-3.9737916486330356
44.75,-0.7261216793436281,-3.841501839099139
44.75,-0.7165607599076231,-3.9532797189697453
54.05,-0.7548929038697983,-3.8748083792384174
49.7,-0.7497308091486948,-4.068202438849874
42.25,-0.6288310520888185,-3.7415712980310722
45.6,-0.7240189403988343,-4.0234501710475445
52.85,-0.7508003522999886,-4.0099517457892535
43.3,-0.7260246976819144,-4.026753901330073
46.65,-0.7429267258488387,-4.080290351842789
48.0,-0.724695447996845,-3.837954740512121
48.2,-0.7262908398626268,-3.91405963100122
49.35,-0.7217965704039636,-3.9374630332014546
47.5,-0.7414433249982084,-4.012892623082604
43.55,-0.7083372179744784,-3.8906340973681326
54.6,-0.7635913950251555,-4.01545379627032
51.9,-0.7460741162183525,-3.9767370447340182
51.45,-0.7404556548065205,-4.007589577167114
42.75,-0.7061010883868744,-4.090581851530097
49.8,-0.7516903771900234,-3.9289136986342186
58.95,-0.7305416819256765,-3.8902756346733134
50.6,-0.7440570398243889,-4.059354651944866
53.65,-0.7482453034038732,-4.070847692906345
54.25,-0.754103090907762,-3.9958886748886258
47.45,-0.7345802966202607,-4.0566324966116065
39.8,-0.7042929772361708,-3.9262919308606063
60.45,-0.7730811447185213,-4.058078591204947
42.0,-0.7154098096143935,-4.055286195725096
51.65,-0.7599848017238113,-4.006372370408844
46.2,-0.7317943797493083,-3.896068776465212
42.2,-0.7070586577815832,-3.9835896864471776
52.5,-0.7402281026295616,-3.994547041512811
53.9,-0.7323656501444178,-3.946196152060638
56.05,-0.7550139152013409,-3.864789800936216
54.1,-0.7517915892221706,-4.119712244242264
56.25,-0.7501666089077227,-4.099402299672015
51.75,-0.7440104243334997,-4.089962281958927
57.75,-0.750075956298374,-4.0508907071023
49.6,-0.7275043513381743,-3.986846724765379
53.15,-0.7637822759441274,-4.081142561356078
56.05,-0.7555253609386796,-3.865960329139174
60.6,-0.7670262434141069,-3.975334674612351
43.05,-0.7040123216817524,-4.016256123678945
45.3,-0.67772637666437,-3.8822115656422627
49.85,-0.7518730161213548,-4.088413977059197
44.85,-0.6951164722549664,-3.9657083919991685
47.7,-0.73734658573131,-3.9842706088495277
45.75,-0.7293111911054148,-4.084900819844564
63.3,-0.7967827384092957,-4.028667315527709
51.8,-0.750604121046117,-4.011962688316958
49.4,-0.7378593612803843,-4.06168172707785
59.15,-0.7737762285105058,-4.139595775430109
48.35,-0.7292195518666732,-4.057806421459092
46.9,-0.7184443760023778,-4.0985836457170235
44.15,-0.7192648127610195,-4.014453560126458
46.5,-0.7067671493695631,-4.157187848433318
43.3,-0.7137461533802382,-4.1994024301909745
49.5,-0.7286957603954992,-4.059947690296708
48.25,-0.7525193837413571,-3.9663683487460886
61.35,-0.7877854674535898,-4.047428214724331
58.75,-0.729597365339667,-3.980868859525856
55.0,-0.7276068604478241,-4.160786637498451
47.05,-0.7297302706924003,-3.987191064746631
52.5,-0.7572389766122213,-3.9954793031618876
51.05,-0.7226782144539257,-3.9540197060936477
53.0,-0.7305429708672636,-4.11021787663481
51.85,-0.7557014908916994,-4.166767576549207
49.2,-0.7262862418034247,-4.080684631808797
47.85,-0.7285155163073318,-3.960213851752003
46.3,-0.7405611191338028,-4.037839865417815
45.5,-0.717294788346393,-4.168865654798333
50.65,-0.7349297917719663,-4.194879176613762
53.15,-0.7246650388787218,-4.081026797990196
48.65,-0.7451269330929875,-4.115625479814261
45.05,-0.7074422464718251,-3.9268769398604513
48.9,-0.7416131233585241,-4.200093896004044
40.7,-0.6939696235868313,-4.105222827826741
45.35,-0.7221302939441729,-4.144478641381055
44.55,-0.7253686070079364,-4.164159271603722
41.55,-0.6486990641287962,-3.9424213629527265
49.75,-0.7302252634795127,-4.041709773385005
56.05,-0.757082573087408,-4.08622873470819
43.4,-0.7078288854719883,-3.9430786785687992
50.75,-0.7477814103425888,-4.230220308085174
51.6,-0.7410330222593746,-4.115867479602289
48.95,-0.7408508418494091,-4.069545128733696
54.9,-0.7637240192545367,-4.0296024092417575
48.4,-0.7439854870893128,-4.213571584376728
57.4,-0.752651055411855,-4.106921643183292
46.35,-0.7442938413608494,-4.124898787432077
45.2,-0.7277772315782227,-4.210959442587361
51.0,-0.7244948057040899,-4.101413104733157
43.35,-0.7117279098358595,-4.08977812095303
54.7,-0.7352560471019928,-4.072019586962787
54.25,-0.7632603867911709,-4.189356017039302
37.85,-0.6798710411182145,-4.145871370569554
49.35,-0.6984496697072964,-4.209404517642918
43.75,-0.6709213516102988,-4.162431696976946
55.8,-0.7670471349350076,-3.9963269922772042
52.45,-0.7436605960906217,-4.045088653521833
49.7,-0.7298602451003191,-4.080486297576668
50.2,-0.7600409775572108,-4.066267805880569
54.7,-0.7520495466537215,-4.026306951095074
52.25,-0.7282371590630892,-4.034322168082728
49.55,-0.7289554288582597,-4.031008807320385
45.95,-0.7352072331106168,-4.187783372455901
43.8,-0.6849673443328853,-4.058711124009017
47.65,-0.7322306155415677,-4.075572907904288
45.2,-0.7202887591474705,-4.085475922824858
47.4,-0.7316182231905655,-4.032356969526631
49.35,-0.7483429315769718,-4.146779704919171
57.75,-0.7881511868539859,-4.1015822670661874
48.9,-0.7473009825732738,-4.120612737929554
40.2,-0.701908306431341,-4.04373142990128
58.2,-0.778968595179329,-4.190203688505986
45.4,-0.7085723522697126,-4.13791500213897
46.8,-0.7237665955650199,-4.2110246110642775
54.15,-0.724312495977926,-4.159120023113064
49.5,-0.7350911156318751,-4.02199840064952
53.4,-0.7617383110402386,-3.988101284015591
46.9,-0.733081784372308,-4.244630698376668
62.0,-0.7586605015401773,-4.094968851337716
50.45,-0.749593271479658,-4.164573105616491
47.8,-0.6893913192042171,-4.007918512442567
43.95,-0.7143363206943201,-4.197786246990311
51.65,-0.746014199187693,-4.108814573655745
53.6,-0.7666622045267182,-4.09086952827129
53.9,-0.7640858357928402,-4.213293903091726
50.0,-0.7459063340043274,-4.000511881559217
50.05,-0.755696375027926,-4.023030239055968
50.3,-0.708410096153802,-4.0601808520376865
52.5,-0.7638730327554449,-4.197957315854387
52.1,-0.7646262135609473,-4.18784701080386
47.55,-0.6985578993362515,-3.9792790119791492
57.8,-0.7154716462001772,-4.116240095024842
50.2,-0.728082116641618,-4.173846202980316
59.15,-0.7679075257525056,-4.136055765354346
48.05,-0.7464028046377258,-4.203162364686031
50.6,-0.74233367396212,-4.187089316435686
44.65,-0.7203921103349304,-4.0573854587190405
48.55,-0.761526241988774,-4.316996226076466
54.05,-0.7312518174098608,-3.9901498978659746
58.8,-0.7549921042134253,-4.145178517008508
50.4,-0.6956549334598989,-4.296424165967704
44.9,-0.711791976388082,-4.3187932985703545
43.75,-0.680491059866083,-4.1477910619734075
47.55,-0.7344691221733843,-4.030420879699369
40.25,-0.7090564655643454,-4.226257817456303
54.85,-0.7513857873370782,-4.16690712333716
51.8,-0.7392230805210033,-4.180929942306255
51.15,-0.7352355214779249,-4.122330033039077
44.85,-0.7047069498290792,-4.1564806320366845
58.85,-0.7841724130596142,-4.336751154718706
57.5,-0.7502230065666147,-3.9715098831650772
49.9,-0.7351671253662504,-4.152350722451833
46.5,-0.736223543987571,-4.159724513824105
42.2,-0.693574641394597,-4.128279244947168
47.85,-0.7269709250637779,-4.03923757376234
51.4,-0.7386044007986394,-4.114670697049388
52.25,-0.7519493681863356,-4.10493608388228
42.6,-0.6956953674880901,-4.078146676635331
46.75,-0.7216175726632564,-4.10934041010468
52.15,-0.7399709854779963,-4.171057656766178
47.75,-0.7260017042641909,-4.165368454361581
41.3,-0.6804833519234533,-4.001066498022318
44.2,-0.6784528398520231,-4.067334644665273
45.65,-0.7188503261859466,-4.088543931579262
55.45,-0.7678446543961261,-4.198102320442648
48.55,-0.7497954334384216,-4.235588624967678
51.05,-0.7355325733006312,-4.150376257374896
42.5,-0.6902450396151723,-4.116795094153138
56.0,-0.7336837413228916,-4.155504675987618
47.15,-0.7401179895828581,-4.259106314937995
51.45,-0.7501468637508444,-4.081712999380619
50.85,-0.739948233285897,-4.221458407340293
56.65,-0.765646490566343,-4.262229523067495
52.2,-0.7549279962454831,-4.142900847452165
42.55,-0.6942619229114251,-4.202098307435868
50.4,-0.733694456286368,-4.106986558213455
53.6,-0.7689797029358088,-4.124190599308195
47.05,-0.72472373316085,-4.171374444488901
43.8,-0.7067148353057157,-4.16243307765389
55.0,-0.7581928366741799,-4.128844682255394
50.15,-0.7240642349529577,-4.072624574298823
44.05,-0.7350390067189595,-4.0604628339514885
47.15,-0.7160182490368888,-4.002085341715123
48.6,-0.7258801926501985,-4.2174313019793255
48.7,-0.7394030442119609,-4.0828042240930476
51.2,-0.7564518854370019,-4.194140105766879
42.3,-0.7092558083758472,-4.240789998203958
58.7,-0.7688760003088163,-4.184484115045523
44.35,-0.7134447984787105,-4.24924599089955
44.95,-0.73085150412915,-4.171744640336503
49.9,-0.7564112905027364,-4.200999637774276
40.85,-0.7006907109136321,-4.093049249352636
41.1,-0.6761858862639276,-3.960803988348591
48.2,-0.715597928451952,-4.135100610284185
60.3,-0.7693253967415812,-4.306080317176193
41.25,-0.6996117870393151,-4.111709651885052
47.95,-0.6987777950556804,-4.109465192726703
60.5,-0.7735860343775746,-4.112815425470651
48.45,-0.7415642381451263,-4.244123253925728
48.55,-0.6962839213343986,-4.10244696429113
42.55,-0.7067880461125325,-4.144526105068364
61.0,-0.7834781624361408,-4.319118902659047
46.1,-0.7121561089405166,-4.177788143110887
40.55,-0.7035820482594338,-4.125419736231831
53.9,-0.7597766643877073,-4.2542570027423805
51.95,-0.7587781007104928,-4.131784229268565
50.35,-0.7090015415778894,-4.182015219542499
54.05,-0.7300004647838347,-4.001590246153147
47.15,-0.7152312659398652,-4.176296762425343
52.45,-0.7610602531363905,-4.304524255355397
51.35,-0.7410568354245989,-4.066091135201036
47.65,-0.7149389142504985,-4.139759720679926
52.75,-0.7691206693826205,-4.1137103324510385
53.45,-0.7442851515927043,-4.239579186036825
49.3,-0.7382862044236758,-4.180322189003459
46.25,-0.7306559230982561,-4.291855049178233
47.8,-0.7089280141947374,-4.112561078417953
47.9,-0.7378934572671645,-4.152624996620378
52.8,-0.7662087680201035,-4.116704170224084
50.95,-0.7603074725078592,-4.175488704673913
52.65,-0.7469227299786789,-4.172656143585016
39.8,-0.6923759807922616,-4.101899784306605
48.5,-0.7372272497404063,-4.374346441764225
52.15,-0.7366360151465494,-4.149980506095323
46.1,-0.7137412009496976,-4.077970424924181
46.15,-0.7260133491616816,-4.10040953535691
62.7,-0.7593905009467308,-4.223511670164821
49.05,-0.6924776399097229,-4.166918658705493
47.25,-0.7350420722140651,-4.188172286806621
46.4,-0.721767910226248,-4.2118452127047705
54.75,-0.7541665534518002,-4.103148448765885
39.4,-0.6910948156042372,-4.257686857648787
43.25,-0.7148865285965356,-4.10791012499185
53.9,-0.7629796452505917,-4.186200713153633
49.25,-0.7507243984593324,-4.287644480213517
43.1,-0.7156742511196508,-4.046116107640875
47.65,-0.7335853700869832,-4.1013060044313105
56.8,-0.718914487044964,-4.238070945451137
52.55,-0.7524489268340377,-3.941083913449181
46.1,-0.7057588299701235,-4.17381181341729
55.55,-0.7615695070422024,-4.1517924864194
57.2,-0.7602859829879131,-4.09506949415884
54.25,-0.7477727361359212,-4.327309857252594
51.05,-0.7330106069802002,-4.148776890610099
48.95,-0.715710338986827,-4.018050149462906
49.5,-0.7334744727396156,-4.162113712330479
48.85,-0.7346757421471716,-4.163314438029392
47.85,-0.7125323092999212,-4.1288707816156665
44.85,-0.6679120525275384,-3.9522586271457136
43.25,-0.7003689652860053,-4.145849400455035
44.35,-0.7135010764449685,-4.154348419892812
44.3,-0.7262064136640564,-4.210545972610065
60.85,-0.7816939096000145,-4.3300570355458
49.35,-0.7335084715185739,-4.095639800268272
44.5,-0.7356123704920006,-4.277375590898215
59.05,-0.7635581799075564,-4.132758233109042
49.0,-0.7254663513304255,-4.296868117361404
56.55,-0.7619310422711714,-4.263394652595034
44.75,-0.649802507247782,-3.9763101290661504
48.1,-0.7258898350065668,-4.347082696191686
55.85,-0.7521193740143187,-4.188641126116339
46.8,-0.704423396909309,-4.230944497161972
60.4,-0.7605880955978486,-4.124460448492284
62.2,-0.7808113186736135,-4.3160192698335935
49.5,-0.7352150102948554,-4.21868100419516
49.15,-0.7337069669151824,-4.23075594157579
41.45,-0.7093822581313083,-4.155886396697489
46.0,-0.7275851325795143,-4.141470709807445
57.25,-0.7608615288967803,-4.143436846134319
48.6,-0.7329226480020689,-4.1864260214622355
51.1,-0.7421660322462131,-4.148631895957214
46.25,-0.7327105514356688,-4.209982174290421
47.45,-0.7177029091231524,-4.264354934577971
49.45,-0.7515125891040896,-4.232472519696868
51.6,-0.7248619009825733,-4.134836733266926
45.6,-0.7443582452804384,-4.155845249811753
55.85,-0.7516976266667111,-4.256137457242277
52.0,-0.7550180882423849,-4.331947627418891
51.0,-0.7096140848506156,-4.241276313073416
41.85,-0.7084804856044432,-4.2763111366190945
50.0,-0.7489917759061565,-4.084793702869874
44.6,-0.7047601991784223,-4.25090931968124
53.75,-0.7393279455049159,-4.1534153391586255
48.9,-0.7357118906521475,-4.350312347815583
50.45,-0.7268394547536732,-4.088840056094311
44.0,-0.7070208060960741,-4.112629172538027
49.35,-0.7208077085282492,-4.347873889905202
46.0,-0.7001864110160237,-4.255096028073443
45.45,-0.7275714367370767,-4.379173424116383
49.4,-0.7376701752863203,-4.148905572530794
50.25,-0.733234016945452,-4.1611994984236285
42.55,-0.6875084785327712,-4.291986971647703
43.65,-0.704093711320043,-4.225452312731593
51.6,-0.727302013057306,-4.249132722123255
44.25,-0.7046289249628191,-4.12183988457292
48.15,-0.7026836502583145,-4.071697818457089
48.2,-0.7069610116963424,-4.160030495718095
56.05,-0.7718906910015515,-4.244024201049016
44.55,-0.7280007249395666,-4.181335468208884
42.15,-0.7167138151245094,-4.085739209429894
49.9,-0.7336522480588568,-4.013304035757837
46.9,-0.6983454971831244,-4.166433600178477
51.7,-0.7464075891628913,-4.125902664185032
53.35,-0.7448940377777963,-4.1761350060854125
44.65,-0.7166514651059497,-4.175486623366248
43.6,-0.718333814283189,-4.2489493274852945
43.25,-0.7050757625756019,-4.28604712414948
43.75,-0.7021679952912042,-4.159634173065105
61.6,-0.7795717961650606,-4.1917807233876525
55.1,-0.7661863905412836,-4.216932106398233
50.3,-0.6950444292150997,-3.8834732625506065
50.8,-0.7456468724886071,-4.2642491017842925
45.8,-0.7210158679140823,-4.266538861159875
52.0,-0.7565695767252032,-4.164891949896967
48.25,-0.7388863621651528,-4.182977819808035
46.6,-0.6894774013434721,-4.102536952565571
55.35,-0.762891716832952,-4.171422061509546
51.55,-0.7139230241553917,-4.178754836318897
56.1,-0.7261999915509533,-4.238184093092568
50.7,-0.7394910964109118,-4.280780137457223
46.2,-0.7307847617364951,-4.085392367041769
51.55,-0.7155667012963155,-4.257872516296979
42.2,-0.7005897745112931,-4.146932829297329
63.15,-0.7846478368242342,-4.21321479143777
53.0,-0.7404578773107633,-4.151225956778225
50.4,-0.730840612787844,-4.265710091131904
56.15,-0.7479440314531998,-4.243088417024965
51.55,-0.7314568277776027,-4.239010103307639
47.2,-0.694639678734783,-4.196712895934637
46.0,-0.7384724739192176,-4.27300051183081
44.5,-0.6826575734754554,-4.213248577100282
54.4,-0.7530236800313115,-4.108835115839454
47.75,-0.7391484318208607,-4.154068496581475
45.35,-0.726331216056079,-4.2135477988604055
42.65,-0.6970295214210008,-4.067074788917038
45.8,-0.7226484390172134,-4.321868802402758
52.35,-0.7621641812178503,-4.205579795436098
54.25,-0.7542306366929494,-4.187759731020741
49.45,-0.7122068534040806,-4.294334142390669
43.6,-0.7105975829038593,-4.21751207674673
45.75,-0.7280931492133076,-4.373264466726089
49.4,-0.7397568136715156,-4.161181924129269
56.55,-0.7502933335844231,-4.255080192503237
47.15,-0.7406355049512807,-4.204601638595413
49.4,-0.7549452654404851,-4.195056764891833
42.9,-0.7043481430764483,-4.3320351341022185
45.0,-0.7384283643583514,-4.302054471898031
59.9,-0.7636838160636042,-4.30810242125567
56.5,-0.7435712176035254,-4.2001440311127185
48.3,-0.7026849349645469,-3.998550135470025
46.85,-0.6932961128634639,-4.224642438913359
50.8,-0.7347046739754035,-4.138372715696237
47.0,-0.7334416412138611,-4.323561503065178
51.45,-0.7451800423613035,-4.234339610330662
40.2,-0.6932941194219386,-4.188497272774674
60.4,-0.7564448800067124,-4.123033122853494
54.85,-0.7579463728324255,-4.197030074394942
51.95,-0.7209765826120734,-4.120738677191513
41.45,-0.7165783614644312,-4.243141401037037
43.55,-0.7254359613110559,-4.171468311375746
48.05,-0.7282864650455648,-4.235919947990544
44.15,-0.7186589869537786,-4.277450579170967
49.0,-0.6888248881897977,-4.074719187079334
53.65,-0.7379599361246968,-4.181097584516396
53.05,-0.7540536244502064,-4.192430779246041
50.7,-0.7226719460505728,-4.285900695831314
55.0,-0.7412563705356137,-4.237329997862086
46.8,-0.7270817711536789,-4.107327289685349
45.4,-0.7383233354447756,-4.219822591692179
44.15,-0.7259609610658113,-4.244161316153207
64.95,-0.782577726110612,-4.428595653343707
57.3,-0.761179417211052,-4.253015728704605
48.25,-0.7477689308686974,-4.265805553376275
51.35,-0.7236315993534145,-4.138621912943781
43.2,-0.7084682203438463,-4.3925071735685295
53.75,-0.7280149739632843,-4.162201677516296
47.4,-0.7372754223548073,-4.359261605938398
46.85,-0.7098475700417656,-4.169468386768026
56.8,-0.7583074937730372,-4.198819133361023
48.8,-0.7172812542169078,-4.150146062917632
62.2,-0.7661282693547726,-4.115075749206401
48.0,-0.7416898472374818,-4.256183337962752
52.8,-0.7384134338104492,-4.344044802329875
45.65,-0.7329372823619571,-4.1875148589656375
56.3,-0.7389171911553574,-3.9834637741532513
41.7,-0.6791109115120505,-4.091078258490368
41.05,-0.702752738718848,-4.369854344308508
55.65,-0.7651803107088038,-4.275083888778083
44.65,-0.6874136499037898,-4.188840655867541
53.3,-0.7321341970622492,-4.094967117386608
43.75,-0.7213370139376202,-4.064947688722445
54.15,-0.7527444582149456,-4.177909216409557
56.8,-0.7420844057292826,-4.266682474566548
50.55,-0.7563850450551833,-4.218168051077301
54.1,-0.7501512586516139,-4.202735619894869
45.35,-0.7284656436699193,-4.242452465493627
50.8,-0.7410328979209558,-4.121841536596216
54.9,-0.7480636649293315,-4.2178785561828045
49.8,-0.7381489877342482,-4.32352276319883
45.75,-0.6946244615865156,-4.1309204974120615
55.9,-0.7454817849854753,-4.2698429344716
52.5,-0.725407030508765,-4.226267788552159
41.75,-0.6982775732084482,-4.207875393073988
45.45,-0.7133693329701387,-4.048541337651163
50.95,-0.7425461885611727,-4.282267268235259
46.85,-0.7329875916766764,-4.438717633327299
52.0,-0.7171448960661815,-4.151337676481729
52.3,-0.7262702211847822,-3.9971817567984447
51.9,-0.7458256324625776,-4.34271750383577
49.55,-0.7485105248736305,-4.3770827924545825
54.0,-0.763186298251308,-4.272061280009963
46.75,-0.7195108544536313,-4.24594911884453
50.45,-0.7452837812080119,-4.32719090240918
44.85,-0.7164151369380258,-4.2971999470492115
48.65,-0.7565971348648741,-4.212037497212947
49.7,-0.7285453449739306,-4.194536512728847
45.15,-0.7231389172512245,-4.174283261839628
60.15,-0.7503359281561608,-4.258654645161789
54.2,-0.7516159534130714,-4.215227891943674
42.8,-0.7192474948322815,-4.25452962774578
50.9,-0.7288847801723534,-4.175949162969079
52.8,-0.7264607203127926,-4.115472051058022
48.85,-0.731256785905824,-4.215330963734608
42.2,-0.7243861226590511,-4.482663236686236
45.65,-0.6912052850606577,-4.117996697910526
51.8,-0.7326616493347526,-4.182882018510538
42.85,-0.6946446974777094,-4.311659914018525
72.6,-0.7895366774753622,-4.1973763052957125
54.45,-0.7392035267968728,-4.163227099025733
62.25,-0.7813982981744934,-4.13857363296623
60.1,-0.7790022261892402,-4.374748849789166
55.95,-0.7638243055177634,-4.150386276749714
44.05,-0.7145556355008251,-4.261163314992027
40.4,-0.685746748880024,-4.121215170695727
60.5,-0.7464833799125078,-4.335579577527485
53.6,-0.7415060256494183,-4.226736050451775
50.0,-0.6915941036969759,-4.056822218139855
48.5,-0.746549596920935,-4.318974640606949
51.2,-0.7374391928375672,-4.2564114880499995
46.5,-0.6646324091584688,-4.2451686176143735
45.3,-0.700484231056153,-4.187374045109863
43.95,-0.7120662838576057,-4.271327323045653
46.75,-0.7346713665579456,-4.223831705586739
52.7,-0.7575580656662607,-4.310804988863338
56.35,-0.7722748272441773,-4.260570180215853
56.5,-0.7767129248577495,-4.2168432677000975
45.6,-0.714049179385894,-4.204331895258865
60.1,-0.7666609365546263,-4.254678885571625
53.8,-0.7348182676283046,-4.107576553546176
55.2,-0.7460852722836281,-4.369456402896935
43.05,-0.68502605802725,-4.081351526070826
53.85,-0.7247560569941179,-4.27809410547626
44.9,-0.7286552440795744,-4.334922182343015
47.6,-0.7143876539654529,-4.458378765118278
39.7,-0.6980263695957907,-4.282655537276912
46.0,-0.7087350607186684,-4.215524086095974
47.55,-0.7382930957772281,-4.320031680598709
44.5,-0.7170763919586645,-4.223763118482707
44.85,-0.7224882943906865,-4.197072100268452
45.6,-0.7053909252910409,-4.270968471154121
52.1,-0.7603713941871079,-4.273154542197392
51.45,-0.7576324304289065,-4.280333602616717
46.6,-0.7405431303375717,-4.29442297040112
49.0,-0.709714614450619,-4.268174593390664
46.8,-0.7036994407189127,-4.170903030896502
47.8,-0.7440865399410101,-4.167659885211187
41.95,-0.7179672854545404,-4.316567804872148
42.75,-0.7115238452943093,-4.340849447187107
57.0,-0.7442304085376368,-4.062998057266382
53.1,-0.7278539414014691,-4.10917064720913
50.0,-0.727600766613108,-4.353232035277387
42.4,-0.7156682601409459,-4.143915581741853
47.3,-0.7153478549043607,-4.190592932604296
46.1,-0.7065443540517111,-4.123646156587251
35.75,-0.6710880200477527,-4.1422967537048105
48.05,-0.738026718169212,-4.172356480151399
63.8,-0.7600296164140636,-4.05550903982199
43.85,-0.6977071487713984,-4.170005487448581
38.6,-0.6610016872200347,-4.011635601503623
52.4,-0.7250644210855135,-4.118200183417324
47.0,-0.7287162215890017,-4.266565222419133
40.4,-0.701574806082155,-4.334145006061735
49.25,-0.7493452672733172,-4.301097104052069
47.35,-0.7405447615284066,-4.234288332618947
45.95,-0.734648287228776,-4.223128241887467
51.85,-0.7073596895119275,-4.116797311781342
39.35,-0.6783994159342728,-4.243659193101989
64.8,-0.7794229625788218,-4.194353223551322
51.75,-0.7602270045197181,-4.249109776107811
48.8,-0.7330914281807716,-4.168281907621211
50.9,-0.7518080580255024,-4.137266764148399
43.15,-0.6841726074292576,-4.106126652932291
48.8,-0.7390792958910621,-4.094519576937769
48.45,-0.6725239638253127,-4.07430483523512
49.1,-0.7093373214781524,-4.053358583649023
47.5,-0.7148676197529219,-4.31775202794212
54.35,-0.7317384365163719,-4.230402729394475
54.85,-0.7349528355304165,-4.199156751015435
38.5,-0.6767740482120475,-4.2791469966807245
54.05,-0.7531825602324776,-4.383229174531081
54.65,-0.7288334799882649,-4.1961322347118415
52.0,-0.7209667631570775,-4.078319057515031
43.6,-0.7284041273982179,-4.356117014673426
52.0,-0.7594654286391156,-4.12304800954963
53.6,-0.7641087747668595,-4.216567468500128
52.25,-0.7529723827043531,-4.157369898037492
46.45,-0.704265881810325,-3.979387471956163
45.3,-0.6842242605798484,-4.2595164088766175
52.25,-0.7059996979485751,-4.2215780118522215
44.35,-0.7227651316275134,-4.40342299299945
44.65,-0.7169630922563307,-4.290578874423636
58.1,-0.7461322331457667,-4.29156232335616
53.35,-0.7440773860844659,-4.06037093912931
49.5,-0.7390309311533915,-4.147888382676968
49.45,-0.740748530504529,-4.147583860208875
46.3,-0.7367411697353017,-4.145456697888262
54.2,-0.7376325091839624,-4.14508733847329
47.25,-0.7111840795528227,-4.2554658511983146
45.0,-0.72554509541509,-4.2395026159329925
42.8,-0.7261117050685282,-4.151407753407769
50.4,-0.7314947715460558,-4.175585206557287
46.2,-0.719411612917599,-4.2018940165928464
45.85,-0.735419793676049,-4.155046643915837
40.0,-0.6988722231304312,-4.358183770603547
51.85,-0.7482352485701554,-4.318177132728403
47.5,-0.6721171806354258,-4.162978161380797
50.45,-0.743913128734652,-4.278977850551725
51.4,-0.7438354414201828,-4.176369610933076
54.45,-0.7457682858807548,-4.055112062019488
44.55,-0.6992853354058461,-4.2231375116280025
44.75,-0.7188782657115304,-4.292436447171753
42.05,-0.6788761919656184,-4.1524277239267295
49.45,-0.7442939721712116,-4.337825797303722
45.8,-0.6964378624059941,-4.2414921071547855
45.7,-0.7265743782456917,-4.21153139237998
68.75,-0.7849878017319092,-4.187934375514999
43.1,-0.7023676797429959,-4.136472570339356
47.1,-0.7244984320619998,-4.142807412465909
51.65,-0.7423017075549562,-4.1168540989298315
49.35,-0.7331917398736857,-4.164416490902214
59.15,-0.7682004205903261,-4.138060255773949
46.65,-0.6894937585312042,-4.1663074506256565
40.45,-0.6746511759286344,-4.143918042461719
51.75,-0.7139790382300302,-4.277985790602239
56.15,-0.7372477919767632,-4.213253896077115
48.2,-0.739236486427889,-4.255019590218404
50.85,-0.7231012840649241,-4.169392630431046
50.55,-0.748220808352127,-4.249956024394437
49.55,-0.7518755858730208,-4.186489003894782
45.1,-0.7133049297059016,-4.329047643819058
52.6,-0.7351527329444332,-4.243438855041257
41.7,-0.7014552280253296,-4.09076166663238
43.15,-0.6926837887280289,-4.153254085527541
55.2,-0.7410458910585265,-4.282892475002889
49.05,-0.726480535639813,-4.10507293439912
44.6,-0.7059565218732928,-4.377813827265993
48.7,-0.742231521426682,-4.198967913218371
53.4,-0.7366621183389295,-4.303246414985753
49.2,-0.720678291644228,-4.265439947084213
54.8,-0.7470739000608295,-4.22198518914481
48.35,-0.7215892517596151,-4.15854277527094
48.45,-0.731077223737737,-4.155868284939624
44.45,-0.6577637369869502,-4.161347152792856
48.95,-0.730074322785424,-4.21023167599362
48.25,-0.7036585445264955,-4.343700311067824
45.55,-0.7354162944981006,-4.2250726286508415
44.2,-0.7117896627542353,-4.2856798667136236
52.6,-0.7407395497804823,-4.253308304634601
50.75,-0.7085317200442302,-4.242585288904741
54.25,-0.7366730669000143,-4.1981352167939
45.1,-0.7258028393397351,-4.274731916076807
43.5,-0.7050650728931014,-4.2180916082665885
43.7,-0.6705675301167859,-4.14899171314684
56.8,-0.7395060266424949,-4.354338138351748
38.95,-0.6615544022076396,-4.295023556309681
46.45,-0.729359681279271,-4.26969862649799
41.6,-0.6618720924760974,-3.967951555649429
47.65,-0.7216865350020684,-4.059651659970248
43.85,-0.7245053334768826,-4.194121152793029
55.1,-0.7558501941015054,-4.201938745812572
47.55,-0.7136387066174348,-4.154821531544405
43.25,-0.6981882162986575,-4.2321581797906855
38.35,-0.6753321112963476,-4.170653549238153
41.35,-0.6961734902680223,-4.312184851268546
60.05,-0.7735466702506595,-4.023847623229484
46.9,-0.7386649682115449,-4.379062649559751
49.05,-0.7318158311928911,-4.272282567423231
39.4,-0.6776541466577912,-4.186784201743292
38.3,-0.6816722037805222,-4.014441982485962
47.75,-0.7336677289431606,-4.243428929411021
44.3,-0.7178153612580689,-4.292556515191708
47.6,-0.7045119393990469,-4.240025601365446
51.05,-0.7299951401005643,-4.180944448973207
56.8,-0.7540246898432608,-4.275809232555661
52.2,-0.7384930286253566,-4.399883097488605
44.8,-0.729799312718766,-4.29961102059494
48.85,-0.7312996608630705,-4.233705778165152
46.3,-0.7309593404425699,-4.212707085399934
54.65,-0.7146450885738237,-4.133115936576869
43.0,-0.6967424752554463,-4.157188047835569
48.6,-0.7115407400078994,-4.3523867003968
48.15,-0.712389340823638,-4.334754566148476
40.8,-0.6636444867126835,-4.0248652195483645
49.05,-0.7475602476246606,-4.179516713151401
52.35,-0.7342319170320372,-4.06210198691825
59.55,-0.7609164534648155,-4.1238736304392845
46.45,-0.7273808094701275,-4.0295215904460235
46.5,-0.7082294681783919,-4.027302022486429
41.8,-0.7051800043372645,-4.10576887576029
53.3,-0.7798997107527389,-4.210946773890228
44.25,-0.7140745523878539,-4.263274307194925
52.0,-0.7357270052180108,-4.14796197850456
45.2,-0.7255088287168101,-4.2795433643067735
45.3,-0.7223179015295311,-4.2417593763708465
48.0,-0.7342248706726513,-4.354159562102895
36.0,-0.657258227806395,-4.052972390306907
43.4,-0.6712375724375672,-3.9693128357213476
60.05,-0.7805323508394293,-4.085380186349715
48.0,-0.7464016695219975,-4.222689766378573
50.9,-0.7336523241210516,-4.297300603874377
44.75,-0.7189061572329832,-4.085558494254405
43.95,-0.7215764910080655,-4.2061715493088725
49.2,-0.7414976314042846,-4.319945316738723
48.55,-0.7400130507643182,-4.15807624359894
52.85,-0.7372487729399994,-4.269346613297063
49.35,-0.7543144334110902,-4.15494367713687
53.65,-0.7418720007328699,-4.032262145816274
51.9,-0.7076544879194548,-4.258562457858096
54.9,-0.7414930746375374,-4.2638059021479
41.6,-0.7052374109700181,-4.278484971919757
46.0,-0.7204045102380121,-4.146873045474245
43.0,-0.6978290979425037,-4.103106724081907
51.5,-0.7474340937983738,-4.206914759429076
60.8,-0.7875924357674269,-4.181752747906212
52.55,-0.746754692184661,-4.186599035984967
45.55,-0.7377876288054176,-4.188056456670584
46.85,-0.716713583942714,-4.28251453094453
44.45,-0.722115252234272,-4.220024090951252
46.2,-0.6752516116942159,-4.228455220215174
61.3,-0.7723630466790418,-4.1093195351535625
43.1,-0.6863001928570857,-4.0572511338762896
42.55,-0.6815370266521052,-4.1968997603579306
46.6,-0.6890071131470359,-4.234373324809564
54.3,-0.7387874409801541,-4.1738977282337615
45.3,-0.7283236062650423,-4.302727987852519
43.55,-0.6594640590642653,-4.208132142347952
48.7,-0.735803273815692,-4.380483373605879
50.55,-0.749866984840894,-4.100034643505856
54.75,-0.7388479209912595,-4.182990952254897
47.55,-0.7400859982902273,-4.241195997306109
44.5,-0.7098790597677923,-4.161660922022218
42.95,-0.6979106517457061,-4.301800542641199
47.7,-0.7097214383548623,-4.187209447375891
54.5,-0.7456876325131324,-4.292954761785032
44.4,-0.6921511677863383,-4.0852048789445
42.7,-0.6921963466123604,-4.262415589381182
44.3,-0.702016592947003,-4.029457723069499
46.1,-0.7005937137114688,-4.0355053800079
53.35,-0.7574168155116181,-4.190219609519177
43.35,-0.7197017427322824,-4.203292593551124
48.25,-0.7036102055471546,-4.077758565827611
50.9,-0.7342127046541915,-4.155699622921995
45.5,-0.7052343380936108,-4.258768757314377
37.95,-0.6391782849154037,-4.150894341899507
49.2,-0.7384885024140905,-4.362544554322456
51.1,-0.7397477923952029,-4.382221092104639
52.0,-0.7427271908149051,-4.122097822258704
46.9,-0.7308408072678547,-4.206323732903638
49.75,-0.6982961625330009,-4.1266332112784285
51.45,-0.7301329006226911,-4.145340462120405
47.0,-0.7400953895598213,-4.3362846247094575
49.3,-0.7311251368668761,-4.251953175683333
49.3,-0.7610493147699205,-4.209839047979609
40.85,-0.6845148833965682,-4.4038542981150295
49.85,-0.6906177601385602,-4.113162312438649
48.45,-0.735242020268646,-4.143911012306574
51.85,-0.7487495046668448,-4.174966057921781
47.2,-0.7221387716606209,-4.170873655717336
55.15,-0.7682392227551724,-4.310100148971374
42.55,-0.6929033991297027,-4.132949894187877
42.4,-0.6730311646068602,-4.0928778180011625
46.5,-0.7095593485923317,-4.068160207990845
43.85,-0.7103585776021166,-4.36076479249421
44.65,-0.7130461507787919,-4.273551275723958
51.4,-0.7039992111131269,-4.146188948901533
53.2,-0.7176077450956443,-4.108898646136998
48.8,-0.732540729960797,-4.074287565547063
42.3,-0.6984340463343548,-4.353645613149662
47.05,-0.7370087757397458,-4.057499251494969
43.75,-0.7176095220360046,-4.237421440403276
49.15,-0.7125118853067325,-4.184457274854014
54.55,-0.7715586412295414,-4.166652773097702
58.6,-0.7881823306604748,-4.211833701063747
51.2,-0.7446440260471424,-4.2070014552385
52.7,-0.6919462751186382,-4.045992204178572
50.25,-0.6958396889534552,-4.189360943993941
51.8,-0.7326965034152191,-4.199917012064527
51.55,-0.746990225857333,-4.28539643014963
41.85,-0.6974999245998837,-4.195647881279882
42.7,-0.682228064829743,-4.111706040831381
47.5,-0.7061894445346343,-3.9966022024069767
51.9,-0.7424012250591641,-4.345400568765975
53.2,-0.7305481235004541,-4.25585229234323
43.1,-0.7148546552491511,-4.096324609125269
49.15,-0.7157918981703195,-4.209090568604099
53.3,-0.744937839318342,-4.190013914035405
42.8,-0.7115605891499179,-4.2969304213801935
47.2,-0.6864547929163373,-4.2287808762891235
47.4,-0.7359190792655649,-4.197420766754776
44.45,-0.7021260356906017,-4.175841357795066
46.95,-0.7340310303844118,-4.185483716238766
58.15,-0.7728566475528387,-4.229822106820524
47.95,-0.71235488302905,-4.062027461070895
56.45,-0.7646278468298189,-4.17577174626899
56.45,-0.7573258946849534,-4.06689442285778
49.2,-0.7108367873584742,-4.028021317934329
48.9,-0.7133014671330045,-4.109907054772141
43.15,-0.6895324044752081,-4.164640388220866
50.25,-0.7458812113357766,-4.283839733863883
50.7,-0.7063756899592427,-4.285699097569777
55.4,-0.7494989833275603,-4.151689156698204
52.1,-0.7395154488450312,-4.238534272501366
55.0,-0.7615904143589812,-4.240183987634126
48.95,-0.723258686356105,-4.321488259422171
41.85,-0.684134183166137,-4.284063057472218
44.9,-0.710477249451385,-4.241779458448226
49.65,-0.7374176080231492,-4.218053208937879
55.65,-0.7668579931976816,-4.314893580705878
48.45,-0.7340320470287435,-4.260671596661713
43.55,-0.7068908897177589,-4.1648201140875285
44.25,-0.7285175142945913,-4.153356509875416
49.2,-0.7188430180037779,-4.212613309510521
43.9,-0.7154433637812109,-4.251711465879262
47.6,-0.7212500716741225,-4.126752738967889
55.2,-0.7359577715755037,-4.253630431945041
52.1,-0.740484724203902,-4.226795554187962
43.4,-0.670981421174963,-4.153788545542929
47.1,-0.7145455566826635,-4.21911994914378
45.1,-0.7215007970010168,-4.184170800030869
47.75,-0.7171444561377642,-4.133920274392656
57.25,-0.7505558814059616,-4.135184288324626
52.05,-0.7260343233431954,-4.364779213075291
46.25,-0.7113560700243624,-4.230768363870046
55.85,-0.7586304730489573,-4.3419463275090395
45.1,-0.7040245057667613,-4.149700565868253
43.3,-0.6988578300420771,-4.196403299221529
50.65,-0.743360744609726,-4.259007018907806
42.85,-0.6979161316677966,-4.14669594904619
60.05,-0.7789409004916361,-4.097712736042877
47.95,-0.7098095060983969,-3.8483620969671577
51.4,-0.7293999368459418,-4.1219263318349935
42.85,-0.6854434456636337,-4.241150893179674
46.25,-0.7214868708315676,-4.124116466067497
43.15,-0.693464810856408,-4.31737216283454
44.0,-0.7140793257224701,-4.069119811700167
58.4,-0.7677360776082702,-4.207012476544253
51.75,-0.7416229388591694,-4.436008106574755
49.15,-0.7266177962168001,-4.286223345446585
49.1,-0.7390412325304292,-4.296577994516801
49.7,-0.7254031281610697,-4.21816239612711
53.5,-0.7373771616560304,-4.139603994291845
53.15,-0.7522709642661624,-4.190671515220323
55.25,-0.7421313624637638,-4.344803679140072
47.35,-0.7405569199906896,-4.131734517754174
44.15,-0.690884303578381,-4.396442859051851
51.15,-0.7436968935467819,-4.252110432300307
44.75,-0.700154967132206,-4.119033277171509
51.9,-0.7153705285396603,-4.078437032764105
42.65,-0.7078679455420391,-4.0119306431697295
52.85,-0.7460230410682522,-4.262411526932924
54.2,-0.7315553837450438,-3.9292248697110814
43.1,-0.6547039698202886,-4.140958770162621
39.3,-0.6928453031733925,-4.243950600915199
46.2,-0.7255387156953861,-4.354837145456385
35.4,-0.651383940071853,-3.982543863629845
44.8,-0.7045969128084536,-4.28576956005274
50.4,-0.7077314290875971,-4.168675357733912
54.8,-0.7270304938957727,-4.187120327036618
46.7,-0.73058765900798,-4.2043371949462
43.6,-0.678444596973123,-4.239967767510619
57.0,-0.7555234835161271,-4.147653840443662
44.3,-0.7194402614654409,-4.039179319390031
50.35,-0.7122134365430883,-4.2004913048741574
47.5,-0.7143173687321388,-4.123686521970745
53.25,-0.7606789643953116,-4.25237325659774
48.25,-0.7392020455540401,-4.323672206993448
55.85,-0.7497125410304201,-4.014217650193761
48.8,-0.7157676583959629,-4.203278679647626
50.6,-0.7428381027466099,-4.2555839467487315
50.55,-0.7465356625003123,-4.12113077434876
44.6,-0.7199287387622239,-4.3477795009909155
49.75,-0.724601250764372,-4.340960835906069
50.35,-0.7352832942585004,-4.116547349222201
45.45,-0.7138736736413622,-4.4079559134486335
43.95,-0.7022278158382385,-3.8728245855523986
43.65,-0.6241819879356989,-4.1339330230107185
46.4,-0.7204295210521099,-4.17242397724406
52.05,-0.726890577933385,-3.947902044743663
50.7,-0.7485704246707593,-4.246561347035682
54.1,-0.7526649728935788,-4.0785691592748075
45.1,-0.6821672410723547,-4.145362098865718
45.65,-0.6887017324408722,-4.218503672019214
49.35,-0.7386049071467079,-4.088971975171404
38.85,-0.6853517665862882,-3.8817695832588193
43.5,-0.7051648086396234,-4.1886579637828
51.7,-0.7312912169865977,-4.243677468133242
47.0,-0.7087412862628115,-4.2556698010618605
43.3,-0.6765811247075824,-4.1353116069058595
48.8,-0.7097872313045277,-4.314691076400817
47.1,-0.7356758593166703,-4.296879664768656
59.6,-0.7170277996890443,-3.8189479751536326
44.35,-0.7280195522329921,-4.23440159464509
47.0,-0.6907671085225837,-4.248813280984608
41.65,-0.7075147562307159,-4.202753882271506
46.15,-0.7098151419334159,-4.302323897482025
49.15,-0.7361171046012555,-4.3480903331021805
51.0,-0.7416868109333373,-4.2097131336178775
44.25,-0.704400745217881,-4.091480699137375
36.95,-0.6599161188953762,-4.227828237759541
53.05,-0.7116113624785649,-4.14576374473399
42.3,-0.6943653955066513,-4.241839163243617
60.1,-0.7731336662506848,-4.282826512175591
51.7,-0.739367120184877,-4.128753849714446
42.45,-0.6857638856459979,-4.136726885014441
56.45,-0.7422158940620542,-4.249477741712569
41.5,-0.6892554933285125,-4.304090926151971
42.05,-0.6870646611931345,-4.2035292559703645
53.8,-0.7188499826503274,-4.1055418279520355
44.4,-0.6994342056940435,-4.098621456425913
38.15,-0.6755827893154661,-4.025090561476155
50.65,-0.7279843525184417,-4.313059417779629
45.1,-0.7205241706321344,-4.333205518757884
47.4,-0.733201351972982,-4.175129825543866
48.55,-0.7275737203209707,-4.137323748252779
54.85,-0.7497194447032343,-4.267683506047159
55.05,-0.7752775458582601,-4.274924711152211
45.75,-0.7068044026113245,-4.131500417619438
46.45,-0.7201827887353536,-4.234874240985096
43.75,-0.7154934342426699,-4.146597198658601
60.8,-0.7626331607998054,-4.068096636270224
42.4,-0.6965896387857359,-4.200888241211875
56.8,-0.7453864623738283,-4.236142433159237
37.75,-0.6498364693368364,-3.976511411326926
48.15,-0.7337553659769986,-4.215580100028146
47.8,-0.7031207431011587,-3.95910591093498
52.95,-0.7422718067723586,-4.245545992570152
44.1,-0.7039600175053143,-4.071313203650947
45.35,-0.6850922841083433,-4.322345391264416
55.55,-0.7480394971270676,-4.220297964380901
52.75,-0.7321577176244908,-4.078261228606707
48.9,-0.7289440098711277,-4.212514421819888
49.5,-0.7283076818823785,-4.348056856104132
49.85,-0.7457075932151449,-4.087747386086679
47.55,-0.6946084358753544,-4.20851846792719
45.2,-0.7061440578823781,-4.218992361210716
46.1,-0.7065289588094867,-3.882745795480394
50.0,-0.71480668217128,-3.9680734990613558
45.4,-0.7033748771180471,-4.179473637737639
47.5,-0.7023067577039079,-4.0216948262762555
50.6,-0.7350022145144361,-4.206390085912394
45.7,-0.713665208680555,-4.1385507651145454
50.45,-0.7384749061087099,-4.266318808335766
52.55,-0.7495427166552977,-4.195736392817403
45.45,-0.7045114148244024,-4.3554369267960285
51.65,-0.7340757937387166,-4.066465961172835
42.2,-0.6948885440659787,-4.158719179727073
58.45,-0.7756798382897371,-4.1739580570550405
44.35,-0.7170842188744098,-4.225863312102914
42.0,-0.7056408467871531,-4.37961847050467
57.5,-0.7350772379152329,-4.02780294232672
43.8,-0.7086281417394713,-4.211246439665393
48.75,-0.73878171642771,-4.249025922114934
43.9,-0.6897430773672433,-4.2068576459833045
45.55,-0.7189405770212947,-4.245260633482578
47.05,-0.706502726086127,-4.161362242014982
47.85,-0.7222327679627271,-4.247683526329184
50.5,-0.734510270256725,-4.167511566069692
44.35,-0.726456088642184,-4.314437473245343
41.7,-0.6906808929569991,-4.127172577635882
49.65,-0.729178577260609,-4.108646613097733
45.1,-0.7244572035972682,-4.240067852494379
45.75,-0.7030189444715967,-4.058349205826456
45.6,-0.7136844507754166,-3.976718014884626
40.0,-0.679627036195477,-4.070482394522221
40.05,-0.6928852937137628,-4.233535548423187
47.3,-0.7084836041160637,-4.288175495721091
42.55,-0.6876360855160865,-4.127186351348913
38.6,-0.6649141666426719,-4.016169169127383
51.3,-0.7252043893398893,-4.133725859073905
48.6,-0.7520955228304873,-4.294379309519392
52.0,-0.7422465154615855,-4.249525664209321
54.8,-0.7302651712674374,-4.2886271070189474
50.7,-0.7126171524326788,-4.267756129641983
50.7,-0.7453994904753735,-4.1374967651214405
51.85,-0.7514084307050439,-3.9319091803415027
47.4,-0.6881533052764435,-3.9023661254808113
50.4,-0.7498018035013715,-4.0581235694464555
46.95,-0.7208214722755203,-4.247014961388789
46.15,-0.7391073851285432,-4.198914845844813
44.15,-0.7062285943739993,-4.127501719191394
50.05,-0.7474466194209965,-4.283182484834235
44.05,-0.6948069685662772,-4.248068265639916
46.25,-0.7180841646104821,-4.309176337456588
46.75,-0.7237390058909974,-4.362647958351822
43.75,-0.6762567827091421,-4.165571364498808
52.75,-0.7366685122328447,-4.335732380604109
43.95,-0.711741778093617,-4.329558097434449
41.5,-0.7057164864707969,-4.245727969680874
45.7,-0.7346182038625337,-4.1974365071367945
46.6,-0.6923819483118948,-4.014552201789458
49.95,-0.7249882314976526,-4.025051224993819
44.3,-0.7054973389797021,-4.164529056229036
41.05,-0.6637276453304407,-4.075496002849815
43.65,-0.707012722698225,-3.991444249481325
51.0,-0.7455518180356109,-4.2794266749759995
49.25,-0.7039562302277302,-3.91396367615814
44.65,-0.7142824208784371,-4.1773297404639615
54.25,-0.7676980909006127,-4.255740184192785
42.35,-0.7014430947520321,-4.066490947112033
51.1,-0.7499045538804965,-4.345338454161775
48.95,-0.7239312890066794,-4.132322055672652
42.05,-0.6962494661577467,-4.176246063573954
49.9,-0.7515285754112424,-4.036049560857196
47.2,-0.7249241444215487,-4.18371550614992
44.75,-0.7177335636371167,-4.1391286678451635
47.0,-0.7264752850224219,-4.373516548303637
51.45,-0.7355295137792902,-4.224319711130524
51.2,-0.7313377782978192,-4.023658985651544
40.35,-0.6806878357594434,-4.221682181803365
50.1,-0.7361504676850477,-3.96644971786232
41.75,-0.6866041398720234,-4.063478001132894
47.1,-0.7285975391218689,-4.253287463053697
59.85,-0.7787426208043435,-4.085945378897084
43.1,-0.6902278689351338,-4.088619899491443
43.15,-0.7163058708414755,-4.3092496508011715
41.7,-0.6711468538984657,-4.158337280797892
45.1,-0.7193377509999902,-4.104411059492594
45.1,-0.7323797624474124,-4.0975316004798366
43.55,-0.7186129357974705,-4.129594475378389
43.35,-0.700614504620328,-4.054937483789108
42.95,-0.7302357750544198,-4.226441126462561
53.95,-0.738608440085397,-4.177907725153685
52.7,-0.7243985886406101,-4.1954965748845625
48.1,-0.7320905620150029,-4.241816927658716
46.65,-0.7124255804641845,-4.173178592109081
50.8,-0.7364870951544054,-4.172770700727389
45.5,-0.7248799493710159,-4.117894731765438
46.0,-0.7118139432433754,-4.137290998418453
46.15,-0.7276070181171355,-4.26788664417802
58.85,-0.7365634760852207,-4.059031543492995
50.65,-0.7492869566646518,-4.164759315531155
49.9,-0.7330639965301484,-4.388732926073668
48.25,-0.7204478958746374,-4.280298367896239
48.85,-0.7244333466675182,-4.292500187555992
39.1,-0.6745334345001197,-4.221293582269215
42.7,-0.6993032130420069,-4.084899710071186
49.35,-0.7277825119128776,-4.110282815852253
50.9,-0.7607776105180929,-4.206489397844295
45.3,-0.7307696375541577,-4.077291200236672
46.95,-0.7268215193337617,-3.9679360788679325
45.5,-0.7259261643520412,-3.9985036083796457
48.5,-0.6961354461811659,-4.107982239898954
39.7,-0.690087985527096,-4.12589779583253
43.4,-0.7177144009002414,-4.315733840825029
51.05,-0.7604340793620628,-4.125105614955108
51.2,-0.7609461708595568,-4.259559731986646
48.3,-0.7339693986738435,-4.135327220212181
40.8,-0.7070004452759557,-4.176662338034502
44.9,-0.7012397899408837,-4.028664321735819
43.8,-0.7000725016047361,-4.1091119750754705
52.95,-0.7261780505146194,-4.231337562154159
52.0,-0.725082611759079,-3.9975026116694146
42.15,-0.6758434711346573,-4.141621776784732
52.55,-0.7281504559963987,-3.930455060896933
48.4,-0.7427281753347238,-4.497996738904628
51.15,-0.7214642648187459,-4.1830726710609785
44.3,-0.7086572556794934,-4.248291043396224
43.9,-0.7188714638424988,-4.2099685865439715
53.2,-0.7340755923732398,-3.9743902793396964
52.5,-0.7115201388686024,-4.243722898087615
43.7,-0.7012716280325307,-3.9790974287008574
50.35,-0.7468573681487932,-4.118662584514315
48.2,-0.7391342911200124,-4.229154802654659
55.5,-0.7800286618068804,-4.143173801694336
51.55,-0.7586224239000915,-4.053395587729771
42.55,-0.7114184406428684,-4.262129697724859
51.6,-0.7601833990363939,-4.3007738513948635
56.8,-0.7526946766084934,-4.173759748088259
46.55,-0.7015460050578295,-4.005490221493109
51.1,-0.7459944861174066,-4.197065540666377
54.5,-0.7331587822244835,-4.26512315787338
40.1,-0.6790333657349079,-4.289298484071343
47.6,-0.7257447912671839,-4.152940026950649
43.85,-0.6836203207283716,-4.311043445302105
46.8,-0.7080280500566,-4.32991200606041
48.8,-0.6807892305181972,-4.203554221652473
44.05,-0.7065504910351457,-4.2404832434864055
46.35,-0.7228103657899754,-4.238512194050443
48.55,-0.74526589701655,-4.137678605907464
50.2,-0.7179037581711054,-4.281408668432718
41.45,-0.70224185133224,-4.059894291551813
45.75,-0.6873522283471171,-4.149936169219785
48.4,-0.7344941682153195,-4.141207750016612
42.25,-0.7020530772478918,-4.257419766477023
56.25,-0.7212080856312617,-4.108937538207522
50.35,-0.7543525524863718,-4.182647939143443
48.7,-0.7225680219015745,-4.320534948546341
43.35,-0.6990024453173629,-4.096782493660103
42.0,-0.6911155760295596,-4.0938044858767455
44.9,-0.7291494533374837,-4.126293446912889
45.4,-0.7089723628725213,-4.201349344127342
47.35,-0.7134523743986916,-4.180852477617178
43.6,-0.7164693546863872,-4.208576265376464
49.2,-0.7048521146620201,-3.9917447343708092
55.3,-0.7417825282759868,-4.201177981926599
42.3,-0.7037317630347378,-4.070373376845219
58.35,-0.7524541441768218,-4.172275125997296
53.1,-0.735702590935823,-4.067249317640725
48.45,-0.7491440962475393,-4.323464767226994
48.5,-0.7417549116572391,-4.099563211344313
41.9,-0.7014786302416077,-4.118755308571767
41.1,-0.69647622852251,-4.029187908973322
44.8,-0.7209421000654387,-4.242210206402699
43.15,-0.6881925918864424,-4.210622637914466
44.65,-0.7184998237677768,-4.224839824460981
49.3,-0.7289209671827328,-4.098604530865189
39.4,-0.6921451805474035,-4.047181599376904
48.55,-0.7240134524675772,-4.062672941561955
45.8,-0.7340931560945179,-4.1611777314788565
48.45,-0.7236873172515679,-4.088506904484264
42.45,-0.707311328640487,-4.014949574917831
49.85,-0.7295521102068181,-4.117629641066793
42.5,-0.7177308991375744,-4.2042130434914835
43.0,-0.7192183802292537,-4.339034905583675
42.65,-0.7049727195792912,-4.274639411258746
52.6,-0.7315523008801132,-4.0569181522049345
50.85,-0.7324901452114637,-3.943425850529702
46.4,-0.680160054170319,-4.236428280412074
42.7,-0.6912274081255536,-4.070704640941634
51.0,-0.7035902378027529,-4.093290078942269
48.5,-0.7250609981161316,-4.2131906115614
47.75,-0.7331870802619859,-4.252495504888768
43.0,-0.6714954752368656,-3.9480011186813635
39.2,-0.7067567663857457,-4.238265689196252
43.05,-0.6945357465723698,-4.120233270182053
47.95,-0.727483679785548,-4.110774112828681
44.5,-0.7345263270686184,-4.245969762910003
43.85,-0.7017019266521527,-4.100942866465623
60.75,-0.758157903321358,-4.0981657492150205
49.2,-0.7207244482989419,-4.0664279648323935
55.0,-0.7369383964652727,-4.127655292213611
43.95,-0.7158673115948426,-4.082301785899915
42.65,-0.7208059156270252,-4.2338128614078965
48.75,-0.7410821835310277,-4.214330367955785
53.45,-0.7425687612487689,-4.204824541366263
42.0,-0.6986404497767331,-4.26814811578932
45.95,-0.7300439009510531,-4.1317131316694695
43.55,-0.7221067440228135,-4.212246691667149
38.0,-0.6797573576239148,-3.8669610999779445
47.2,-0.7166145841685087,-4.095746193775363
41.3,-0.6999057947282584,-4.044198078110027
53.35,-0.7068765411616172,-4.155467289431415
47.05,-0.6980720076187269,-3.9910837506007675
46.9,-0.7004944015088764,-4.135937120745504
53.55,-0.7240222195614718,-4.26162484985657
61.4,-0.7400456777011158,-4.282764845793399
53.25,-0.753393929449395,-4.28546659415547
43.3,-0.7050841919213475,-4.206822487097922
50.45,-0.7224975961500599,-4.047633787425622
45.75,-0.725373031764723,-4.313617348978341
56.15,-0.7591033764780761,-4.1687699037309445
41.25,-0.7009798799446564,-4.1264587335607406
41.15,-0.6875433165505616,-3.9770939147970275
48.8,-0.7227983531873237,-4.117135597763089
47.5,-0.7335107201871209,-4.248746599537575
38.6,-0.6944463727152266,-4.2849067006838615
42.5,-0.7003831846571562,-4.0078996822959585
48.8,-0.7147227203603119,-4.150472138883875
46.35,-0.7424517549560175,-4.155374990198327
56.4,-0.7618242087465944,-3.9308586270148114
52.45,-0.7301889932883172,-3.900678271185645
49.4,-0.7246603589704672,-4.086052099684642
44.95,-0.7064144124752663,-3.8679824868262047
51.3,-0.7360154434860069,-4.03278859620186
46.15,-0.7158184555848389,-4.16453049590835
60.2,-0.7793674099125079,-4.101015917704123
37.25,-0.6758328044973123,-4.0293336141097456
53.2,-0.7509714023222289,-4.160619440903029
47.85,-0.6901046040875995,-4.013326171210037
54.45,-0.7484596492979398,-4.177068068730867
44.1,-0.6951146576991365,-4.267682935189226
52.9,-0.7737866649293459,-4.309449392339737
44.1,-0.7366402026616805,-4.3648842082079415
47.95,-0.727127481861659,-4.288763156273607
38.95,-0.6790517790359856,-4.15478924646285
52.4,-0.716540077007062,-4.256408141388269
46.25,-0.7283021668937867,-4.2610513832166115
44.8,-0.6728109691369313,-4.091003957175216
38.85,-0.6729656035078747,-4.304007881801777
47.3,-0.7463357988652624,-4.2479568203776825
46.45,-0.7215641436981829,-4.2390587352938
39.7,-0.69029370298564,-4.125374181784539
46.5,-0.7354168372700235,-4.354402195848531
50.0,-0.7527936903368206,-4.330658046468989
40.45,-0.6901090439400968,-4.064344669109197
39.95,-0.695583087397613,-4.2643287156706196
43.95,-0.7195583967348638,-4.313444425114172
56.95,-0.7403964255728475,-4.146190460012676
40.95,-0.698440964849677,-4.104761488104192
39.65,-0.6860817721288643,-4.157305141238956
47.25,-0.7252058896503544,-4.1348892014754615
54.65,-0.7666128584964861,-4.121233790548162
46.65,-0.7434206379024382,-4.395872655404067
60.55,-0.761577573125374,-4.087745116425909
40.6,-0.6664823818677996,-3.9709583667133925
43.65,-0.6828487291584284,-4.029656556844732
42.8,-0.7187120171512172,-4.11928418297358
45.15,-0.7227851753432515,-4.313912268631649
38.15,-0.6884099966871634,-4.109252000274938
40.65,-0.7133688020272803,-4.115650533857936
36.3,-0.6717849323779722,-4.09746684386549
39.8,-0.6814519695675724,-4.037052157361105
47.85,-0.7379124633935974,-4.158926441987349
40.05,-0.7044099706953539,-4.203041658134986
51.4,-0.7426606525002575,-4.134200060657345
56.2,-0.7354235612871414,-4.050001660303236
49.25,-0.7424077179803465,-4.151907962488125
42.65,-0.7120842286914045,-4.207856307671574
43.15,-0.7093557522162426,-4.0970880700034265
41.7,-0.707429183207378,-4.150263631024166
48.2,-0.7026689829067818,-3.880300129667586
38.6,-0.6497945115206594,-4.090014957122584
44.5,-0.6828014444896057,-4.056820883650819
53.1,-0.7249000710721971,-4.1026458198655185
43.6,-0.7117299180106464,-4.128885382993376
41.8,-0.7099024356459205,-4.050223801326057
42.25,-0.6780708750017588,-4.074967966459374
57.9,-0.7363598124435882,-4.02463558698507
49.25,-0.7473900011250578,-4.169014518644375
49.9,-0.7417884220342935,-4.172326244576334
39.0,-0.6752600121103207,-4.205275613795793
43.8,-0.6887218781851071,-3.979814199712661
46.7,-0.7267112533471692,-3.9390403165025036
47.4,-0.7271157596717688,-4.101912451709884
42.4,-0.6917015672057586,-4.083908475075266
43.0,-0.6904992064368,-4.155341698210291
44.85,-0.7259725512889157,-4.2180822632813895
47.75,-0.7327232401129585,-4.137220794141669
46.4,-0.7026516989817668,-4.144501793920813
42.8,-0.6971263648021029,-4.012695128468269
51.8,-0.7475629447513942,-3.9956132855403568
49.65,-0.711100025143893,-3.9815796578927176
44.05,-0.7046210959618381,-4.068849333850077
48.55,-0.7217481676804894,-4.075426533626686
53.5,-0.7466692667995407,-4.075677824275224
54.0,-0.7703879293326805,-4.180435088656576
41.7,-0.6895486065812859,-4.162161346860319
39.65,-0.6985797893641175,-4.233008558964988
51.4,-0.7389891028400706,-4.172065434523107
45.6,-0.7177959679987621,-4.154796138684203
61.05,-0.7614339549824661,-4.0213969453252805
49.3,-0.741880486469314,-4.028987978476839
49.65,-0.7303906423690378,-4.169753727908525
47.25,-0.7405181266370742,-4.336481678161832
48.6,-0.7135387485723723,-3.9706653504862013
45.95,-0.7256281727137674,-3.95047007651308
40.15,-0.7036937796446107,-4.067293182152666
46.65,-0.7298171585604046,-4.0930126702687035
49.9,-0.7380454212339821,-4.216970624089686
41.9,-0.6781936555692876,-4.132383067055821
48.55,-0.7186454595376881,-3.9075868726148797
41.2,-0.6820355729296707,-4.0572362363565215
50.75,-0.729720577258586,-4.140236280761612
50.45,-0.7383254379929285,-4.300853664506084
48.1,-0.7313721188274742,-4.046183892585995
47.1,-0.7314536832818052,-4.161505478473137
44.85,-0.7107877471207454,-4.287016335567773
39.35,-0.6868716290780549,-4.022586650048606
46.75,-0.7307493576793314,-4.275078230776095
43.05,-0.7155395619745228,-4.010684298804802
45.95,-0.7355919427961478,-4.262699768551924
50.8,-0.7326634429195635,-4.280228879746553
44.05,-0.7108366112540383,-4.069634058707521
44.4,-0.715526989392814,-4.30166865581723
45.7,-0.7264785086891796,-4.247628916445516
41.0,-0.7031996067206949,-4.158019275177219
43.9,-0.701887554720394,-4.164669831046898
41.3,-0.7000280897212197,-4.0771484334896355
48.8,-0.731315013756056,-3.858272123314297
49.05,-0.740917456302202,-3.9913379778609057
52.65,-0.7150495458949406,-4.01359235708556
40.3,-0.671427027513904,-4.1581039319739475
45.9,-0.7095690385894039,-4.333031883994172
43.75,-0.7247015055259071,-4.024005532065973
41.55,-0.7076262436186636,-4.089266134575212
52.85,-0.7309706615962301,-3.7747170645985855
42.25,-0.7023501876240583,-4.098041426702518
45.55,-0.7126083551132627,-4.237194664398603
45.5,-0.7285521030465334,-4.211950576132257
57.05,-0.7405155366205513,-3.9611837763655275
41.2,-0.7140138734700205,-3.999823373194265
50.45,-0.7327273401815162,-4.032026448621989
40.65,-0.6855523561416953,-4.102403225351746
51.0,-0.6890439177967951,-4.107797939097482
45.05,-0.7154636187307363,-4.3308446146958595
46.9,-0.7400945220287082,-4.025886209064998
47.15,-0.7386216797920183,-4.181086568231959
44.55,-0.6688493975230886,-3.935962696710766
43.65,-0.703640321925414,-4.2796068189621534
38.6,-0.6561701578188648,-4.016641235844796
39.0,-0.6874452718038494,-4.066313511836453
49.6,-0.7293469761685324,-4.033274431273343
48.95,-0.7231056702895264,-3.8235660782238154
63.65,-0.7676048234633358,-3.9529946076398987
53.65,-0.758981022449226,-4.115632632551381
45.05,-0.7169724280617321,-4.091427342287112
50.35,-0.7265862129406465,-4.031638459524618
43.65,-0.7217726453824392,-4.105156810416185
44.4,-0.7099553314999685,-4.145328218413928
46.3,-0.723527635062103,-4.09965339919777
49.55,-0.7111372901454394,-3.907999936832809
50.35,-0.7360692994855813,-4.0951850403843055
56.1,-0.753748355262674,-3.9290682143265245
42.75,-0.6840567660049621,-4.315105744093876
44.95,-0.7138108394934626,-4.192177121236407
47.05,-0.7184968789729973,-4.076818522226921
45.8,-0.7120508266513821,-3.990582003439544
45.05,-0.6926029163484412,-3.8701891965831847
52.2,-0.7485270798036867,-4.181342145539176
46.45,-0.7336462476951454,-4.325034702823542
49.25,-0.7225510901639682,-4.244483084829517
43.75,-0.7229493150252657,-4.044979228809973
42.05,-0.6974461831301867,-4.1174173851337965
44.3,-0.7031758112519663,-3.9931497065567783
45.65,-0.7125361096448115,-4.07436562164282
46.55,-0.7264984999586164,-4.2510638109872385
47.1,-0.7092783060882561,-4.053658273574222
52.7,-0.7101020242279854,-3.725403171118784
41.5,-0.688993526941069,-4.108858069695707
47.55,-0.6935252997770001,-3.8085709293634418
45.4,-0.7315457166339441,-3.9813564447280756
48.85,-0.7179036267694983,-4.094916421142479
49.55,-0.7464840100381747,-4.174934023705973
53.45,-0.7423442082129031,-4.034311555112257
54.35,-0.7182411290359573,-3.968299416055656
48.0,-0.7235199154404676,-4.017729049726048
46.4,-0.7400925805199556,-4.198755056616111
44.4,-0.7161845713850561,-3.9954306324275293
42.4,-0.7096688637910612,-4.0668847595314475
36.6,-0.6606073543934577,-3.9507171778682584
41.7,-0.6894491379747472,-4.232775004949591
47.15,-0.7139447332656357,-4.098163485669241
44.95,-0.7229553600716503,-4.029658804412316
51.8,-0.745623965106352,-4.073999578889952
45.7,-0.7051597532991571,-4.01551268801379
42.6,-0.6952922667846285,-3.789691960783937
45.9,-0.7096920086569535,-4.055320646965568
42.7,-0.6774131054810921,-3.904014650707957
42.6,-0.6932093633374452,-4.165561146399781
40.05,-0.6847682356437689,-4.1928083180383595
50.65,-0.7300490997740647,-4.125427749913014
39.5,-0.686110600450876,-4.194794040691219
40.4,-0.688251082967683,-4.0503069958287155
48.4,-0.7329363100361882,-4.144874677773174
56.45,-0.742490466768239,-4.047575674362758
40.15,-0.7044841226230303,-3.973211392694405
52.45,-0.7428707982734817,-4.108985870589532
50.65,-0.7251421249243217,-4.06057308455352
51.0,-0.7369440395044167,-3.9761466318694856
40.75,-0.6854785703601344,-4.095856472024773
45.25,-0.7062961341220658,-4.202486859980314
45.75,-0.7071821184370475,-4.24665323354274
43.4,-0.7193357603930394,-3.977733959047588
33.55,-0.6384844839790587,-3.8723103198561417
39.15,-0.6747477393842367,-3.96701143963519
39.5,-0.6858544747867589,-4.004857301444098
49.3,-0.6946446606809549,-3.8479858119614447
49.6,-0.7157353899981553,-3.9722704956642074
43.35,-0.7057995620275326,-4.115497759760216
45.0,-0.6893026472420274,-4.094730834385278
39.35,-0.677142577998423,-4.179539241798745
43.95,-0.7225797969278563,-4.216629179468827
48.8,-0.7367245938507615,-3.991006807308525
44.45,-0.7223330450514404,-4.212835080102495
43.15,-0.692539616771459,-4.0053413105325735
43.85,-0.6704452483233785,-4.026886962924975
44.7,-0.6848538795954471,-4.070485104666153
44.2,-0.6974537859598117,-3.902942674882927
44.3,-0.7208660313568442,-4.005727695830799
50.15,-0.7230427497742771,-3.8944780597791167
42.0,-0.6789288768773126,-4.127130540511386
42.65,-0.6986423881552365,-3.9559455296703305
47.35,-0.7214207669108107,-4.114178083061722
39.6,-0.6801620812627691,-4.047760775945241
47.4,-0.7094774585053394,-4.099646570348831
37.4,-0.6848015514866141,-4.023947451152124
35.3,-0.5926827541913874,-4.057950979909359
42.6,-0.6810575640496894,-3.9830614913306936
47.0,-0.7200926799086943,-3.90229507257002
38.85,-0.6836999680780517,-3.8696908276903392
40.7,-0.6505906799312166,-4.149548602235874
54.6,-0.7403112182633538,-3.937727152453794
41.85,-0.6725956965638129,-4.084704199687524
41.9,-0.7175537734618567,-4.175447141479185
50.95,-0.7415437448774644,-4.08380861794118
40.15,-0.664610593168081,-3.758895514855626
54.25,-0.7571558839607885,-4.004341989176826
43.5,-0.706279805998392,-4.063638153216504
49.35,-0.7254992989213698,-3.8749182820807007
47.25,-0.729762431153107,-4.101563951568182
44.55,-0.7006071719755969,-3.6988476229090983
41.55,-0.7063181596710052,-4.068221256524614
49.35,-0.7298181361551264,-3.804237924296912
53.4,-0.7527189981523089,-4.06331175342023
46.25,-0.7287895287194706,-4.038038315128548
44.95,-0.724455388913902,-4.035943670776786
55.65,-0.7371045510286738,-4.055649383423855
42.5,-0.6936627746595065,-3.879770610018381
44.6,-0.67259998435728,-4.03254825751799
41.65,-0.6920291444442092,-3.9787753802019084
49.95,-0.714547930576366,-4.114478389223928
48.7,-0.7182656327360006,-3.997351164044692
44.4,-0.7292512776034215,-4.128292424239193
49.1,-0.7332089073887704,-4.029422339434161
44.3,-0.7043156664599033,-4.088808264997919
48.2,-0.7491036144018747,-4.19424209854102
57.5,-0.7189750374916221,-4.015866402705404
32.95,-0.6222699786993453,-3.669797421867165
40.05,-0.6923559929873824,-3.839913404082563
47.7,-0.7217105518770757,-4.183043136946631
44.5,-0.7080122100459112,-4.08924527603984
41.3,-0.6965728281491452,-3.984085949632366
43.55,-0.7104135786324315,-3.9343189365666085
36.9,-0.6687223742100304,-4.092150988785004
47.0,-0.7414515527749477,-4.176171816212544
45.6,-0.7159295129114618,-3.8066460533792226
43.5,-0.6997090325730406,-3.8852549489487997
44.45,-0.6920243487535356,-4.086648630087131
38.9,-0.6802593662019293,-4.016402860819285
47.2,-0.7179732271582673,-3.9418330020129178
37.75,-0.6778999852437425,-3.964231108032071
42.5,-0.6982623990296398,-4.078754380118111
49.9,-0.7382062322790122,-3.882960550876642
41.15,-0.6836662043234967,-4.012504907872861
48.05,-0.7179741246317698,-4.013740864141029
46.45,-0.740878575987266,-4.0224384343624875
44.45,-0.7373973711134352,-4.1228975814306015
60.1,-0.7573673458445099,-3.9310694919833638
44.1,-0.714741077645479,-4.119424116408875
50.6,-0.7285374141254672,-4.020582656646473
50.05,-0.7388789616388417,-4.072641297328865
51.85,-0.7466780873065286,-3.968607070509504
46.05,-0.7000685448282313,-4.1227077766035665
41.0,-0.6880444526297315,-3.9991443050734587
45.6,-0.7239177972446541,-4.1568797379555145
40.6,-0.6715972888192833,-4.031260333578901
41.05,-0.7100029104313995,-4.094740969672877
51.75,-0.734438497102742,-3.876825677125178
47.1,-0.7360748174021159,-4.120792245044776
52.65,-0.7253292087215202,-3.838672774721359
37.7,-0.6643072885746137,-4.243522606960113
49.85,-0.7373663373059196,-4.060848643001178
40.5,-0.686617336950594,-3.930218323086713
39.0,-0.679982548730214,-4.30060938565723
37.75,-0.6452553702134687,-3.8673300714231686
50.5,-0.7421124177457006,-3.8414427095395522
51.05,-0.742223107742217,-4.106545779822828
59.8,-0.7257512773503454,-3.809919408119523
48.15,-0.7358422558984555,-4.168179869948505
43.0,-0.7030400834310766,-3.9642641440553135
47.2,-0.7330130194953349,-4.208787560723801
49.1,-0.7241955996784493,-4.103019772448617
50.3,-0.7583466272822905,-4.01081504526443
47.65,-0.7191736602723103,-4.091772785610988
48.2,-0.7298063890311949,-3.943022047150989
57.3,-0.7664786877112817,-4.0146010156696486
45.5,-0.7204095351947907,-4.154922904596624
45.9,-0.7188696671703095,-3.935730869818098
43.15,-0.7081673288865084,-3.7093636530263767
58.2,-0.7523196340342995,-4.12833505060077
37.05,-0.655666170877707,-3.9084574044156897
40.5,-0.6973622619500456,-3.967860667500896
37.8,-0.6841808667605367,-4.03894324138925
49.85,-0.7106127821524084,-3.843415295171721
45.4,-0.7428183901906441,-4.0115819974548845
43.7,-0.7220915455297661,-4.028730042379347
46.9,-0.7431067550892372,-4.071331209050321
45.45,-0.7167951842969977,-4.03175264160746
41.1,-0.6853024993475879,-4.062311947750834
41.8,-0.7141616053509462,-4.105688022598489
47.4,-0.7034774908802315,-3.8137457069539984
46.45,-0.7373678796452425,-4.067312067813685
50.6,-0.738554651803356,-3.8446150092605897
47.85,-0.7154083901665846,-3.7760725061032154
50.8,-0.7198151923401244,-4.2323254719515955
43.7,-0.7092997617699331,-4.074394933018587
54.3,-0.7444036397471241,-4.1372627492280225
47.85,-0.7391191621867593,-4.125500156687034
45.7,-0.7159831086187063,-4.003347503522534
45.6,-0.7336561176329651,-3.8825322349074654
46.95,-0.7313297222403194,-4.0030330490492
42.5,-0.6781035540918864,-4.072194120433378
61.8,-0.7605359919719987,-3.9490422743376365
41.45,-0.6995968362744525,-4.1499046020838
39.15,-0.6728738979879518,-3.9920594405055665
52.6,-0.7649516527168223,-4.215622922862112
44.55,-0.7071396506927947,-3.9920678048793534
46.55,-0.7304835250044349,-3.9877267197995594
41.4,-0.7028378202820861,-3.9271686893463382
58.35,-0.7652664073109539,-4.190605701041919
43.05,-0.6916155084432898,-3.9439578127893475
50.5,-0.7263781336239072,-3.999539931994556
44.3,-0.7107240525993528,-4.209223923986692
47.6,-0.7273851878826718,-3.808307233530608
55.4,-0.7584181331107036,-4.03083769843184
41.05,-0.6920184945582432,-4.124639437986875
43.7,-0.7072952096841442,-3.7880910303116444
41.95,-0.7033779016083082,-4.073031167412657
42.4,-0.7080321909806295,-3.994526525780554
46.35,-0.7182334033479425,-4.127907694132909
46.7,-0.7356055199289011,-4.03270173225994
48.1,-0.7221790464979303,-4.105602070704924
49.45,-0.7470951584448997,-3.9629280665158184
44.1,-0.7302178605331996,-4.211546882189729
44.7,-0.7089543310262189,-3.920481877382705
37.8,-0.630945572766591,-4.030951817929694
35.5,-0.6577079077468673,-3.967770914844457
41.25,-0.7031178625917871,-4.144555712181939
48.9,-0.7303216156351222,-4.100334419164243
40.25,-0.7028608541802377,-4.067091544106226
45.1,-0.7262222044807075,-4.088944276110625
39.7,-0.6833729292208042,-4.091331471669347
45.9,-0.7048885863392303,-4.006917818873547
53.05,-0.7154512140351816,-4.115949566849605
47.85,-0.7053457068403305,-4.059701105188786
48.8,-0.7477535630480092,-4.193405192418314
42.3,-0.688440923693529,-4.0880341409072765
39.45,-0.6808496450900335,-4.105964907959576
44.4,-0.7130791369054186,-3.8653628048713813
46.15,-0.730934795807279,-4.047643987282653
46.65,-0.7315486882326133,-4.165858868845296
37.9,-0.6664009124739587,-4.051592527982252
45.2,-0.7290809327050785,-4.133600029929475
37.9,-0.686104241468995,-3.996505467122552
42.3,-0.7173630074333659,-3.8959166252957536
49.3,-0.7435979616829431,-3.931510760863696
44.65,-0.7124122554999163,-4.15935212573643
39.6,-0.679528262749432,-4.046466576974337
43.3,-0.6968188947068816,-4.002804089543483
50.2,-0.7146211881476779,-3.9471761088472177
54.2,-0.7518014415031014,-4.063490644940553
48.15,-0.7165195656811952,-4.060244061439347
49.8,-0.7168725620965197,-3.7569612570302082
47.65,-0.7378634468639796,-4.073913224866596
45.2,-0.7031097166366063,-3.898599889721485
46.65,-0.7260575870390437,-3.9630154091006657
47.55,-0.7323553761395923,-4.068724010323302
45.65,-0.7073349024603961,-3.9471893823938844
43.35,-0.6710430428974697,-4.119147267426756
45.35,-0.7137341863063037,-3.9979447641534533
41.25,-0.6851921816898828,-3.911864058619158
41.75,-0.6941776261930894,-3.9341422606168512
48.45,-0.7366446900242016,-4.022908488115066
46.0,-0.7217503117022492,-4.0292081836821625
44.2,-0.6811792067405654,-3.8927903909767814
46.4,-0.7235273169563079,-3.9867308545980933
37.05,-0.6724682751060687,-4.062430909906044
44.35,-0.7128183774291721,-4.230334650234181
46.85,-0.721940398524174,-4.141621094252292
45.6,-0.7019842542422222,-3.9442155580910265
61.0,-0.7650049543647669,-3.9884169704194163
44.65,-0.7305112591420293,-4.102541376257656
44.25,-0.6834721062918073,-4.017420402499974
49.05,-0.7131972057989746,-4.018542721975829
44.5,-0.6968975031465641,-3.884123384365374
45.4,-0.718474601320816,-3.8484071185228905
42.1,-0.663975530140443,-3.9308376213927283
41.95,-0.7107195862463419,-4.094626950093779
52.45,-0.7584379678288071,-4.14375273627035
43.3,-0.6965182793069254,-4.073465895428024
55.45,-0.7537795609613728,-3.9320430186116164
44.0,-0.7004544171897045,-3.986628271857506
43.95,-0.711787791660638,-4.168225297904717
41.55,-0.713453224289893,-4.201394075963982
47.35,-0.7487582003080689,-4.148366334613299
47.75,-0.7103913570698593,-4.042681443473148
49.7,-0.7295390271146699,-3.969464001438868
47.2,-0.7127423812912645,-4.035608725262988
44.5,-0.7194308693321205,-3.8358928568208848
44.45,-0.6966000986879323,-3.9071494956740067
43.15,-0.691513356524051,-4.2049686196120355
53.65,-0.7474471501878045,-3.8730662176672177
49.85,-0.7138289813858278,-3.6609556458672876
46.15,-0.700869484026922,-4.0903640565384345
50.2,-0.7255720683023397,-3.7939743817152896
50.1,-0.7383084826950614,-4.219969774436873
44.35,-0.7104493396797005,-4.0774334075567
43.45,-0.7250286065784184,-4.132743804373189
45.2,-0.7224485889927863,-4.3063335038867105
41.35,-0.708867643481398,-4.14270560068681
44.3,-0.6997063344114872,-3.9864853453642994
51.75,-0.7300453210534411,-3.969134632510587
54.4,-0.7740988518811587,-4.144498098866849
38.85,-0.6852732844626489,-4.091613022793331
43.1,-0.6742515879547304,-4.110928602010616
45.4,-0.7317596627003613,-4.1849417297434135
58.35,-0.7613296965568382,-3.929228325809447
41.15,-0.7026363958315989,-4.053591568810905
43.35,-0.6666161315074467,-4.047151381822672
43.8,-0.6901856319620536,-3.8212898896413385
50.15,-0.7431148072565625,-3.8365200711326906
42.6,-0.6684983024456204,-3.8853256322853533
43.15,-0.7105692681034317,-3.803025677887714
42.2,-0.7170140484285119,-3.9853144663650264
39.15,-0.69639156234208,-3.9730833490907846
49.05,-0.7483945322282126,-4.074031761841963
43.35,-0.7006370984523723,-4.073562753052878
42.35,-0.69576359176666,-3.833360789800544
41.6,-0.7015818201094108,-4.276793840680469
50.45,-0.7081419558189688,-3.995219105550409
52.8,-0.7264376395863394,-4.101715692590209
47.7,-0.736208842170375,-3.9799651050256886
43.05,-0.7187380370928211,-4.029323783095624
40.45,-0.695403413744023,-3.9966940147126664
48.6,-0.7475994810916314,-4.2142152716282135
45.7,-0.7255906104248078,-3.984778761669775
44.7,-0.7125812216300824,-4.119026635521041
49.05,-0.687558548183028,-3.9661676654649574
51.95,-0.7226649459837894,-4.044658047422471
42.2,-0.716040378754518,-4.090358620168965
46.4,-0.694368355306929,-3.9166513005935144
46.95,-0.7204533917978886,-4.036237319284267
47.85,-0.7469816810972504,-4.135151678176195
43.75,-0.7273140093915019,-3.9733672681509185
44.1,-0.7198509672320009,-4.03840951747357
47.6,-0.7220833168664464,-4.074839920841368
39.2,-0.693787302177793,-3.6926311239295435
46.15,-0.7254253388473442,-4.20614139911671
38.55,-0.6556092313408637,-3.8438929472450356
41.8,-0.6980572040196276,-3.8394846746511666
44.2,-0.720708465277938,-3.721209484277896
39.9,-0.6756080361548825,-3.936450401110823
41.95,-0.6904635384660097,-4.289759828710052
48.0,-0.699699417722492,-3.8593414642100625
