168.95,-0.9279319434449296,-0.10156675307476308
191.85,-0.925726701062862,-0.3716373523185339
169.8,-0.9125112148085057,-0.6552483573430731
157.7,-0.9070345050845686,-0.91358338257691
146.1,-0.8969890459593047,-1.1428557127905827
117.9,-0.8665891956867051,-1.3175989318741177
152.8,-0.8905557119450448,-1.505021282119702
138.05,-0.8950399775907041,-1.7032421668673705
98.15,-0.8418354864705689,-1.8327935941752878
109.1,-0.8628098500858726,-1.952456542283334
111.05,-0.8598005400757527,-2.0758448484472964
93.2,-0.8259719754659564,-2.1958638151619807
100.95,-0.8536326283652255,-2.326029554473432
118.2,-0.8881953687737699,-2.454371427742189
75.15,-0.7961273672474583,-2.5363374406952
96.95,-0.8580348693570418,-2.614407831105404
84.65,-0.8445166331962539,-2.706133337144545
90.7,-0.8313749160751989,-2.79036503116542
68.35,-0.7993082968083193,-2.858240190362781
76.8,-0.8137035786008449,-2.886721959721098
82.85,-0.8188533821439119,-2.957866153387869
63.0,-0.7874734913298298,-3.0271946072711073
66.35,-0.804941293124345,-3.049649695153092
72.4,-0.7975782189372818,-3.0918898351992725
65.15,-0.8025878014818664,-3.1972431908231833
58.7,-0.7868648032788456,-3.14112944376203
52.8,-0.7519654214365704,-3.13330896085452
63.15,-0.7721769611233891,-3.223880110118878
55.75,-0.7518320048796847,-3.2486890194070717
63.0,-0.7765732645941722,-3.245939057442434
56.95,-0.7610620642574992,-3.2661589864967495
47.95,-0.7316201019351347,-3.20454961307669
45.8,-0.7230306915086896,-3.2912288325369436
48.1,-0.693746011198302,-3.335418640480529
51.65,-0.7507626919534789,-3.315080155428407
56.1,-0.7622735520026349,-3.3356258316988923
43.75,-0.7296934200305973,-3.3824869403213746
55.25,-0.7791787571595472,-3.3934265671597243
58.65,-0.769504802387083,-3.405643447197215
49.6,-0.7441838393324519,-3.4602474150228404
42.55,-0.6945025156449945,-3.4588674985101973
46.35,-0.7402417346247294,-3.4267355946120546
38.9,-0.6761177364289933,-3.3160880305266884
46.9,-0.7176579700635215,-3.3929913275979557
42.3,-0.70403737732558,-3.3775658476862844
52.6,-0.7645937057123704,-3.3158777582680488
58.55,-0.7733604199883384,-3.391934243412294
47.9,-0.7145507717148689,-3.4145861777751336
40.95,-0.7009916216703418,-3.3747360115754512
45.45,-0.720100221620945,-3.3852134155232094
45.9,-0.7209330090633069,-3.396769874145727
51.65,-0.7513706885240728,-3.4342556156843953
48.55,-0.6929036369124549,-3.4896682190553627
44.75,-0.7153187886327022,-3.4612959680568496
40.25,-0.7046183352321888,-3.4493189995160165
46.3,-0.7261726726297969,-3.409868574056682
43.2,-0.706602307809517,-3.482442100154074
45.0,-0.7082203469206946,-3.470439082870024
42.55,-0.6915188160677737,-3.566188245606811
40.05,-0.6642611644848145,-3.4651169057293822
44.95,-0.72039997113536,-3.5395649329366394
42.8,-0.6781596475320819,-3.4874987015891223
42.15,-0.7051545708345015,-3.5153218999639124
39.7,-0.7004776703921876,-3.5916978186708493
45.2,-0.7374177641928432,-3.489548169689315
36.1,-0.6647490887577119,-3.5233606436547085
41.35,-0.6973103737468636,-3.4149409706046674
49.9,-0.7026079669363153,-3.589072220566675
44.95,-0.7285373884291401,-3.6122843714140656
44.45,-0.7032272869193523,-3.560385280810371
42.4,-0.6976667328487672,-3.5618142382095526
39.05,-0.6763600980127671,-3.4925700388423087
36.9,-0.6663501880210619,-3.444109260817507
39.6,-0.6859105085229487,-3.5528382537635763
43.55,-0.7028493435757495,-3.4821995912850383
42.75,-0.7126196022292627,-3.515199380658456
33.2,-0.6392540534513713,-3.3921906681230816
43.4,-0.6731226564613386,-3.547220730939425
36.85,-0.6295138108559948,-3.4713991343823993
39.4,-0.6985985774742839,-3.523752546707354
39.4,-0.6763666808077193,-3.4589250360494423
32.0,-0.6032951833987051,-3.39193228179506
41.4,-0.6964763559731343,-3.540704732946834
34.15,-0.6521124602600149,-3.501402568535309
42.3,-0.693073971244926,-3.505096643702333
35.4,-0.6508639140503052,-3.436462374465987
37.15,-0.6434302282915153,-3.549956766658633
36.55,-0.66434876721506,-3.4984317442082165
37.9,-0.6832894778303407,-3.387487139199698
38.15,-0.6753326668340305,-3.444934011162048
38.3,-0.6602991862869526,-3.347240492655549
34.8,-0.6422209252186113,-3.3210062959298923
35.1,-0.631210865012082,-3.335971289243056
36.35,-0.6804851611487515,-3.3628920425339737
41.7,-0.7126028176520349,-3.428692218010501
28.9,-0.5798339158858669,-3.4799210933191382
36.65,-0.6509252456376254,-3.4707266557945444
35.25,-0.6668101796372491,-3.3878565064894017
37.35,-0.6710950944903296,-3.314388461494912
38.1,-0.6766018451569127,-3.4079908378191184
38.1,-0.674468522433613,-3.4556151701765416
37.45,-0.6540836334097936,-3.3455158768869433
35.7,-0.6426858334083978,-3.4064352545107974
43.7,-0.7082476864820391,-3.476550630238787
39.65,-0.6835503695751084,-3.4045693542721893
37.35,-0.6638611660405171,-3.424945714167208
41.35,-0.7030546737136134,-3.4411098034536196
40.25,-0.6807774307728126,-3.361324933014244
41.7,-0.7121846303522158,-3.4207970418074445
37.95,-0.657366839578884,-3.385794231463572
36.9,-0.6817297398251453,-3.40244827782602
38.15,-0.6924475051709335,-3.43131461599269
40.65,-0.6102153976206758,-3.2989397134046152
44.15,-0.7103010786204438,-3.4926076535915143
38.1,-0.6557824310672757,-3.4527387429732057
32.9,-0.6261307252021031,-3.3568595183535725
35.9,-0.6678678726481643,-3.4356522156930573
40.9,-0.695180803006098,-3.472541851408767
43.8,-0.6888875039791256,-3.493680060014102
52.65,-0.7271350015022903,-3.415327574945784
34.8,-0.6675583055248326,-3.437440375632208
40.9,-0.6961009111680455,-3.4319744314256466
34.65,-0.6543091580039364,-3.471622712392103
48.55,-0.7453498313891622,-3.5349997958810855
42.05,-0.6576400820725474,-3.503556744795649
43.65,-0.7086676200818529,-3.4930488439651035
36.1,-0.6445979826786137,-3.537509271661205
44.85,-0.7163201654079816,-3.560006146225193
34.2,-0.649813690058324,-3.5228142289587026
38.85,-0.6570206842484685,-3.5329241736233064
41.15,-0.7070279990210045,-3.4873532050023064
36.0,-0.6653624984005769,-3.4303010556399536
37.65,-0.6668046509498238,-3.4935590660635
44.6,-0.7163882876339505,-3.3924212337546336
46.35,-0.715556675858147,-3.439507521729656
38.25,-0.684012835108624,-3.437679645527647
40.25,-0.6955208286090867,-3.563970175628829
34.2,-0.6576649241239443,-3.3902600989428286
47.1,-0.7254668936651405,-3.40611626899769
35.1,-0.6298268938403617,-3.4372861195855817
40.5,-0.692712116610763,-3.4516587769099694
43.25,-0.6910263621723424,-3.5439403642830554
35.85,-0.6385731795522239,-3.5160046871498176
35.8,-0.656041156161456,-3.496689893399104
37.7,-0.6633921178236104,-3.620108671631484
31.15,-0.6223950508513827,-3.5852571907749584
36.4,-0.6606248607274533,-3.516879501759809
38.1,-0.667978095388531,-3.376622798171597
32.95,-0.6108466636850005,-3.413489334972064
33.95,-0.611116008373075,-3.4399003089601883
36.75,-0.6329322475553731,-3.3827924537859007
42.3,-0.6941217647128943,-3.3961915359520667
30.95,-0.603701457348824,-3.406658203951726
30.55,-0.5922632081395198,-3.440709456427906
38.0,-0.6548255602587536,-3.4465921866534495
33.65,-0.6211333478333623,-3.407299745853172
39.5,-0.6683419746268883,-3.476413450205534
44.7,-0.712689386442706,-3.4047649444759926
37.05,-0.6768163568816947,-3.4880585750867015
34.55,-0.6298647907268273,-3.3958219754654406
32.85,-0.6252803153779957,-3.4431750805490773
39.85,-0.6697694798822476,-3.457047398348358
38.4,-0.6773637034357577,-3.377263432350209
44.9,-0.704603170490792,-3.483372793626382
32.65,-0.6196105853668697,-3.3033951255544656
32.3,-0.591642076121554,-3.45210185179267
37.2,-0.6722171867544248,-3.396796209140329
40.55,-0.6458058676340788,-3.3633529924686885
36.45,-0.6696011491678782,-3.363124817506546
35.5,-0.6533843802968788,-3.455209218481555
35.35,-0.6357031099351856,-3.510471148278223
33.65,-0.6213132250971787,-3.36123801116225
35.45,-0.6509553839289998,-3.385905178508763
38.3,-0.6882716257440782,-3.3516883759886325
42.7,-0.6891207197002044,-3.391541853059588
33.2,-0.6178684398117407,-3.4247797862812392
34.1,-0.6311718930208878,-3.4352966953716355
36.65,-0.6644339542605032,-3.4745775207407426
36.6,-0.6697159265912865,-3.39012867723399
34.75,-0.6407598330707646,-3.4836056458068905
39.05,-0.6779610165405783,-3.351296234346016
39.95,-0.6904890918083627,-3.431972180371182
35.6,-0.6199170484958914,-3.4141622066051993
37.5,-0.6512339065202126,-3.437372523822849
40.7,-0.6943801104934318,-3.3669361246699063
34.55,-0.6345682001635741,-3.28049810931021
35.4,-0.6494004215753171,-3.3589005128482547
40.4,-0.683029680908244,-3.358096562090341
32.15,-0.5988351257635702,-3.4662843534439864
42.65,-0.6980133243949803,-3.4773442820856317
37.3,-0.6648215210217266,-3.4615204944858973
36.65,-0.6561728361453323,-3.4136891674870045
32.85,-0.6373595799507235,-3.418327982074443
42.5,-0.6873296893804619,-3.332710869867378
37.4,-0.6697083587191006,-3.4010880010267774
39.5,-0.6381139783328813,-3.4349910071093506
31.45,-0.6128293609953067,-3.389780406645566
36.5,-0.6747431299724196,-3.339080783016511
39.6,-0.6842388679244461,-3.376329286048974
36.3,-0.6611954170598948,-3.3959077334102994
33.4,-0.6381113710092186,-3.288040175041168
34.05,-0.6209327158819816,-3.439663335974582
38.75,-0.6517512549179543,-3.3487986400426544
35.85,-0.6548482442499557,-3.5181725541861235
37.8,-0.641074969893245,-3.4146091979547855
34.45,-0.6335799782433877,-3.4046743131257458
36.55,-0.6653357836294084,-3.3877637198660815
36.55,-0.6575948476016702,-3.267682953813884
39.0,-0.6369509087191816,-3.3477296014143043
34.0,-0.6568008880047825,-3.405555633145596
31.9,-0.6308545746223301,-3.366309836367806
37.15,-0.6443833417549587,-3.381253651309465
36.5,-0.6520112865248451,-3.3797494046061907
42.2,-0.7092753967932752,-3.337622840828441
31.15,-0.5874946958999512,-3.1900654420219587
37.75,-0.657120639495787,-3.3126073205084423
33.75,-0.6057713942636107,-3.4354761926314907
32.4,-0.622159655951749,-3.4323232359381364
32.75,-0.6200235881380527,-3.3022310110927764
33.65,-0.6391486069823615,-3.325509708592981
42.15,-0.6934878546195582,-3.305278443151227
39.95,-0.6956703553271166,-3.292704161112712
32.0,-0.5898405885714516,-3.3807494403264484
38.5,-0.6713228464671748,-3.386864363562033
38.1,-0.6811227584808066,-3.5023810966052977
35.8,-0.6653904217548214,-3.45362617657304
36.35,-0.6233514600871803,-3.41066591717493
40.6,-0.7013120814145365,-3.472967309681357
35.85,-0.6442657442973749,-3.409726914866382
32.55,-0.5885769897048605,-3.3311965819407496
42.15,-0.7042567040762991,-3.3624999130191853
41.65,-0.6992411069932876,-3.4127963474767427
33.7,-0.6423920137482579,-3.3019479062863866
36.9,-0.6799207513883432,-3.312253995988429
37.75,-0.6751572510501982,-3.4282240477359
33.0,-0.6474857575792994,-3.377215702501944
39.25,-0.6633195197389788,-3.3300084565964454
36.05,-0.6761131638232666,-3.3579211065144934
39.85,-0.6820282370448532,-3.4228027258484266
30.15,-0.5532634789661646,-3.41532232394382
35.25,-0.637847426426218,-3.3511034770198647
33.2,-0.6416699921502376,-3.3135454205930346
35.05,-0.6405972951263553,-3.3696402424332326
31.7,-0.597964891630179,-3.191507428524744
36.55,-0.6653668884775724,-3.3252491503462926
34.05,-0.6249500198363916,-3.275620162071001
35.7,-0.641961424845213,-3.4247277244608982
37.6,-0.6328519620489461,-3.272375010836676
33.5,-0.6292972748026218,-3.258712630094883
37.15,-0.6477891182534178,-3.211998469725573
29.2,-0.5818771606693312,-3.2321315805160795
34.65,-0.6408626049480758,-3.32445218418031
40.65,-0.6652231384436552,-3.21388747371266
39.45,-0.6890849179483528,-3.403173942792248
33.5,-0.600640769307734,-3.257858549072563
31.55,-0.620289899352019,-3.468756068698853
38.0,-0.6811386489940746,-3.2371888064340575
33.25,-0.6187601194940444,-3.3274340759952885
37.8,-0.6696354466667438,-3.367665561613374
36.25,-0.6633698362625038,-3.353007975181575
41.3,-0.6778856366909949,-3.3058701819821104
35.65,-0.6344307570624694,-3.336765207193248
37.2,-0.648831555981294,-3.314175757488422
38.4,-0.6653612509797389,-3.345015005546725
40.45,-0.6872340100321438,-3.244214233234376
36.65,-0.6588715114308368,-3.302794358092144
35.0,-0.6480149753806426,-3.242498673410894
38.2,-0.6414134921229045,-3.2584809241787673
31.7,-0.6083903989109563,-3.3988617185972103
31.25,-0.6213207449979438,-3.29648870696831
43.25,-0.6882988449237605,-3.425281010369317
41.7,-0.6815105949357998,-3.334528309991273
35.5,-0.6214367890122191,-3.3191475515606195
33.45,-0.6137717688602976,-3.145418570377573
40.8,-0.6045037567122853,-3.261276621230009
31.1,-0.5541808814169835,-3.2939565667539816
38.9,-0.6771918206653078,-3.2302928116375584
35.1,-0.6593031767338877,-3.3647523769612824
33.6,-0.6147612103818905,-3.420597321037543
31.95,-0.6347624695878274,-3.413805398433573
37.25,-0.6749221643550394,-3.2918928617767427
31.75,-0.6310561377191988,-3.170261049880861
41.45,-0.7115430750523969,-3.2059275849015116
34.2,-0.644758533152345,-3.355543419818111
33.6,-0.6299656455478935,-3.250248432079321
39.85,-0.690517715489123,-3.3294375868475776
32.45,-0.6191771748348512,-3.374328523356153
37.35,-0.6365462575757936,-3.229532374162911
36.15,-0.6067539781126062,-3.3107434614847597
35.1,-0.6441774209803299,-3.1278531531402716
31.15,-0.5843134438095257,-3.232558182988183
36.35,-0.6491074162367132,-3.298318821104514
36.55,-0.6369920321087564,-3.251164653691204
33.55,-0.638668600737714,-3.2246633631195865
30.2,-0.5691881805061618,-3.2425578866874476
30.45,-0.603987294558956,-3.2146040296096965
35.65,-0.6528290417697843,-3.1625910141553426
30.2,-0.5926277836915922,-3.226728535992295
38.95,-0.6626410648936129,-3.2710882509129555
36.1,-0.6188090138608213,-3.1650401889733564
32.2,-0.5887265621901411,-3.314949696160061
29.95,-0.5631309638213349,-3.2152265399535374
37.55,-0.6847566989245468,-3.312631527002651
32.7,-0.6062810637796014,-3.2165210134775903
36.75,-0.6580517420966794,-3.340107096085947
33.85,-0.6439229054002414,-3.2353927264555637
31.75,-0.5978492244960764,-3.289427730595721
38.85,-0.6683805248097634,-3.2754925907019166
39.95,-0.6603131568035936,-3.2466702758763226
32.0,-0.6174911420257211,-3.2131387921424173
35.35,-0.6310829474748402,-3.175218530202354
35.9,-0.6477564469122346,-3.2426904930015694
33.65,-0.6254737940663319,-3.2599485345176076
38.0,-0.6509508979931474,-3.28572833742403
34.85,-0.6672035203756581,-3.1389783796293793
29.4,-0.5850148802597785,-2.967764295540259
37.8,-0.6752431693482316,-3.1839584187285634
33.4,-0.6423818248367058,-3.212603229099101
37.7,-0.649806976728164,-3.2241605012537455
27.45,-0.5312202984550036,-3.1407170937380227
31.85,-0.6105743895072908,-3.3115793866125065
30.3,-0.6009455460794022,-3.169492572611915
32.1,-0.6284389178435099,-3.077428237236415
31.4,-0.6056609587616835,-3.187345945286565
32.85,-0.6390703749208981,-3.2620428919412854
42.85,-0.6834034451343374,-3.149579962678998
29.8,-0.5976975776739978,-3.210371418770079
32.65,-0.6327716966040604,-3.241636006913165
45.2,-0.6626859541113532,-3.0623356986161245
33.4,-0.6081366059470328,-3.2065249752609573
31.6,-0.6090036061483624,-3.2979918193360938
43.65,-0.6855950647235345,-3.172113238241492
31.45,-0.5670905892135406,-3.272018348740599
32.65,-0.6161951967638812,-3.473789751506863
32.8,-0.6067990451865198,-3.2335366619839205
31.9,-0.5765354409168206,-3.0811030479334676
30.9,-0.6164067072662032,-3.1439030243524058
30.5,-0.5888124628937093,-3.267756666188595
35.6,-0.6297852954284806,-3.310931231168071
33.05,-0.588588615364337,-3.1688499808613977
39.2,-0.6933591013171475,-3.1797796679504167
34.1,-0.5961754488877814,-3.1286266844128514
38.85,-0.6716170009212524,-3.1992752948608403
35.05,-0.644725384400138,-3.2134569054031212
38.75,-0.6685616468168998,-3.232658614669669
36.3,-0.6386968006537683,-3.0518376520647053
33.9,-0.6235704917864086,-3.032475979338962
30.0,-0.6128482372180766,-3.2182480478742406
30.8,-0.6137576217564418,-3.1771302470181237
33.7,-0.6388272031528941,-3.20531457895859
31.25,-0.6316463507624459,-3.2689656318465827
37.0,-0.667552364445213,-3.1518774472872897
32.25,-0.620769859779231,-3.302856378992356
34.95,-0.6642125036821819,-3.1917137955535986
31.25,-0.6100864998560878,-3.168843222882187
31.2,-0.6155700008902221,-3.136083002165205
39.85,-0.6870680651844246,-3.049362779524957
32.0,-0.6270148280613019,-3.1178313144128644
36.25,-0.6568750550787269,-3.2101659962511127
31.7,-0.6091590055616873,-3.2539883634296394
34.05,-0.6415680612038771,-3.2485688969139543
34.55,-0.6209174938343393,-3.107691455276726
42.45,-0.7121241452457906,-3.205617334025417
36.15,-0.6327892607676452,-3.201606035984367
34.85,-0.6208662476946054,-3.1858898209082307
38.25,-0.6674495968804491,-3.1200168917543487
33.75,-0.6360480634359493,-3.117578140550098
34.4,-0.636032379238476,-3.0604996964043414
32.2,-0.6140966899892725,-3.2141095854535684
33.7,-0.6394053084930594,-3.270288384908722
33.05,-0.6407486787056623,-3.2207560222929095
32.9,-0.5804333381101998,-3.1178345026484746
34.3,-0.6298260010272272,-3.182919619759203
27.7,-0.5624604319607346,-3.0230977620221893
32.05,-0.6014681849063186,-3.3184741882876723
40.55,-0.6501687819840962,-3.106367366498131
37.8,-0.6228736458841696,-3.0415400750835655
35.0,-0.6330410455560591,-3.1497442941720157
33.3,-0.6216000357787486,-3.0892780934351958
34.1,-0.6075655831691581,-3.133959980192199
37.65,-0.6205717937756978,-3.070425377322324
32.1,-0.6308782362042624,-3.207500491404155
29.4,-0.5858941745865699,-3.2101975037570383
34.4,-0.6497199137360337,-3.2073172103611802
27.85,-0.584123510642678,-3.250461899017325
34.3,-0.6324383560767296,-3.1967639540152915
37.6,-0.672561006762284,-3.2860825792544532
34.2,-0.6318750513340875,-3.1066766381217676
34.35,-0.6427333930388917,-3.2568447657361803
33.95,-0.6339329697232724,-3.0777455764318513
33.05,-0.6255745582145698,-3.155728737726149
34.35,-0.6344780475734388,-3.1485340724586406
33.9,-0.5999996799271362,-3.110388224730259
35.55,-0.6519873351958593,-3.040405513571902
30.95,-0.5736410085127754,-2.902172243155742
31.55,-0.5749923174152061,-3.177444320637839
33.05,-0.6016168461320658,-3.144431814157728
37.0,-0.6630143587933371,-3.2221333984768092
34.55,-0.6609146530357229,-3.1873635647347007
30.2,-0.5891516999681292,-3.1182485745880646
38.4,-0.6600132120215861,-3.079939661793468
31.0,-0.5970617929083258,-3.2359461171347847
35.8,-0.6555765537094806,-3.1188590647144756
32.0,-0.5887077188556484,-3.044330016520392
33.0,-0.6209259163489447,-3.0122198406769947
34.35,-0.6415717096846818,-3.114117764260335
34.3,-0.6414053964953179,-3.2326734193065567
39.7,-0.670806955722136,-3.0321733717151296
38.05,-0.6294810372353614,-3.078925181398501
31.4,-0.6097653312690745,-3.2109813602985553
35.25,-0.6247742111852783,-3.0402257549488967
36.1,-0.6381940489982877,-3.235699235321372
32.8,-0.6271277943068737,-3.2485965723434354
43.45,-0.6804282466722864,-3.0899489935435147
37.05,-0.6290420318726955,-3.1462972140148318
37.8,-0.680103805891172,-3.3388520919912956
36.6,-0.657221862072858,-3.08654827327735
43.25,-0.7085506893301942,-3.0787508448956578
32.05,-0.5860506458603422,-3.087289007637267
40.55,-0.6992077568957166,-3.0282590193075856
37.4,-0.6636163174772239,-3.2086665708149256
38.7,-0.6774159945585894,-3.26722133277541
38.1,-0.6518344989124427,-3.098254786631652
31.35,-0.6194921935201105,-3.2875903209582953
42.55,-0.6637603717483082,-3.175215318716506
37.35,-0.6771863720014941,-3.322993630861813
36.6,-0.6651341351917346,-3.2689510895438962
37.7,-0.6496081578428938,-3.2002951832190005
33.0,-0.631068609770411,-3.194989858005915
35.7,-0.6774317588520625,-3.29098670646324
36.45,-0.602108370874833,-3.226990562898063
38.85,-0.6511814032811796,-3.200678261724703
39.75,-0.6781910881157089,-3.201240594822751
37.3,-0.6248463285826813,-3.04573636712149
36.95,-0.6528694642280721,-3.2229472030947433
32.6,-0.5903662469131525,-3.4090830773152314
35.65,-0.660526426889191,-3.122494925895412
34.4,-0.6360942364375128,-3.230864599625158
40.2,-0.6758048619455439,-3.2306186145594524
32.65,-0.6325534682007755,-3.251616240958591
40.3,-0.6785062842945602,-3.103042558724283
37.2,-0.6449061436317047,-3.1103679401008413
32.4,-0.6355199301848671,-3.265962673757926
33.55,-0.6090530418114211,-3.3258852449645473
31.8,-0.6039985704597104,-3.1551067258951924
31.2,-0.6191581558331114,-3.2596682978132905
38.85,-0.6633587823822855,-3.1399405567829235
32.5,-0.6282091363091162,-3.1317751326952834
36.05,-0.6294046917382068,-3.337329575398519
31.9,-0.5925544489588184,-3.3025095209541426
36.05,-0.6261621336985458,-3.3666473836694637
37.85,-0.6477128992593693,-3.0847388924797454
34.8,-0.6383603333101211,-3.0787639956543575
31.5,-0.6251873103643268,-3.173008150072997
37.15,-0.669607600516126,-3.257536572380937
30.8,-0.6002308565777699,-3.0823671952556695
39.3,-0.659700048482083,-3.11443253567007
32.3,-0.5723396728837373,-3.025281940643038
39.25,-0.7002891742363166,-3.1544918728297695
38.75,-0.6809754808989392,-3.1286782345922513
32.1,-0.6258376855947592,-3.1415972688778897
34.25,-0.6232362038644867,-3.2391696239964842
35.1,-0.6105602097876259,-3.1612561754855384
30.0,-0.5917588754396697,-3.196342962235913
30.8,-0.5855392599454954,-3.139270335608632
34.85,-0.616969656476146,-3.1304020427493042
28.05,-0.5648982849052768,-3.102543359158399
40.3,-0.6314076833409026,-3.126436409317124
30.15,-0.6044630046773748,-3.2246825268426798
35.95,-0.6326510565923091,-3.1896120242944903
30.55,-0.6069688795214582,-3.186561989418198
39.0,-0.6803478112335456,-3.2095610424274903
34.1,-0.6285947151411788,-3.148328920129645
34.8,-0.6336875510994132,-3.1334958474249306
35.3,-0.6412660250495742,-3.1693843718650103
35.85,-0.6305773598787215,-3.1469528009456145
39.6,-0.6881995920618467,-3.1726764449389786
36.7,-0.6501088916354523,-3.2224446003328446
35.85,-0.6444642308125755,-3.2176582553142232
39.1,-0.6718009729032214,-3.2850297608787393
27.3,-0.5711160397714596,-3.2978375911600026
35.95,-0.6427634583293321,-3.197997455214754
31.95,-0.6048806456876605,-3.2212529868488913
34.05,-0.6208796319363554,-3.3223449571379766
32.45,-0.6079349498459747,-3.228713533000108
29.4,-0.5639252222250675,-3.205240175413869
31.6,-0.575888099921958,-3.1808084715728677
29.9,-0.61510354962472,-3.2665174911783597
36.3,-0.6627855579194764,-3.133187986981972
28.65,-0.5903938225286065,-3.121268645535094
36.35,-0.5867713477535802,-3.2467789279944603
42.65,-0.6975654589872324,-3.051323669013655
32.65,-0.6318444861995725,-3.157905174366793
37.0,-0.6510441151413295,-3.2217736753804083
36.3,-0.6623435997153729,-3.3021815671900177
32.2,-0.6156601854251448,-3.252786728335714
35.6,-0.6356899943087062,-3.2385649766827527
33.45,-0.6230249986714289,-3.1133268420104807
30.9,-0.6153768339463948,-3.268195660529482
37.85,-0.646797619638352,-3.237854957334025
34.75,-0.6466322995704412,-3.2203192917676673
32.95,-0.6288218707919712,-3.3415077260490778
32.3,-0.5973138938455687,-3.117621862203479
37.65,-0.6219082609363693,-3.247396906947597
36.35,-0.6366007005710618,-3.1733582251837436
29.85,-0.5830667249211158,-3.0262066140598862
36.4,-0.61290135438957,-3.1807931394832525
40.0,-0.6654116440891339,-3.142205982523507
31.9,-0.5949014936233739,-3.228841218987879
37.7,-0.627688568828362,-3.1706757010656816
36.35,-0.6505105709935519,-3.1884789591886777
29.65,-0.5697257906895375,-3.1096238018141813
32.8,-0.6212121938551667,-3.038060253949998
32.2,-0.6298056766250977,-3.3053885634290845
30.3,-0.6040838710198447,-3.1607145000841714
35.3,-0.6467469717110426,-3.0779395140684653
31.5,-0.6010881920078115,-3.0963806038986847
38.0,-0.6649671470303334,-3.1852349854300197
30.3,-0.6149817172199084,-3.192303011240723
36.0,-0.637593216923839,-3.2110547037471533
30.8,-0.6022092603562985,-3.055266738881898
42.65,-0.7126659477501026,-3.0812885037642603
29.9,-0.5654989787866963,-3.12415017778432
45.35,-0.653676208505465,-3.0700188251907177
32.65,-0.6302319334975086,-3.206232061363661
35.25,-0.6353085442650664,-3.1174746677519094
34.55,-0.6433451501810502,-3.2502842830662515
34.55,-0.6290125711349588,-3.2004963041544117
33.3,-0.6358046413626645,-3.177468504882582
37.6,-0.6718692676530986,-3.167366067926379
29.65,-0.5866092923850932,-3.272657655190172
30.65,-0.6123902414635172,-3.1908663343454338
35.55,-0.6575940494020494,-3.0375397878413524
29.4,-0.5750378130084361,-3.157859120435574
33.9,-0.6216555315098627,-3.00192000647182
35.8,-0.645280549271947,-3.071397715099107
36.75,-0.6687261908164809,-3.1888850276027734
35.45,-0.6067383901646461,-3.064261784170579
35.2,-0.6318038190382648,-3.1793393379860966
35.25,-0.6563283443133856,-3.313240025685478
31.3,-0.609946826506474,-3.041996271165492
42.35,-0.6459746167606053,-3.019074078225525
35.0,-0.6256043784762092,-3.0985156327745087
28.4,-0.5608547627638896,-3.1847581221040135
29.45,-0.5592181101383629,-3.101313394121931
37.8,-0.6673563016064864,-3.070902015931927
36.9,-0.6709112870207499,-3.280857875275032
31.85,-0.6104315408270825,-3.11455683297814
28.1,-0.5607177556017792,-3.118585103501311
33.3,-0.6136937060428165,-3.0796507562083666
33.75,-0.6267812713819747,-3.0632304425191306
33.45,-0.6392108481498788,-3.1735407749511713
31.75,-0.6146003104509603,-2.991074102594834
33.25,-0.6350150625433806,-3.1707501612994804
35.15,-0.6350693977261689,-3.11683715540767
42.05,-0.6888014309564274,-2.9576086703724145
28.65,-0.5885299736022243,-3.0350847794431246
27.7,-0.5632338587650619,-3.275698132398542
31.8,-0.5846247831989642,-2.9999097968447184
34.25,-0.631104952403919,-3.1517891423277757
36.85,-0.6502014805931051,-3.023961476070793
30.05,-0.5566193706614909,-3.0827484986599103
31.75,-0.592630251261479,-3.0348240491479173
36.5,-0.6380124248019758,-3.1044256137083353
31.95,-0.6240204397907445,-3.154253583251596
28.5,-0.5863232323846597,-3.0679756038745842
34.75,-0.6423072356155262,-2.9884547329287017
32.7,-0.6143574007380809,-2.9739251402587703
29.65,-0.5953744212956356,-3.14557807937848
30.0,-0.5787403967521129,-3.0431751227905615
32.0,-0.6165511364235858,-3.037774325788029
43.8,-0.6969379247786216,-3.0837538053885267
33.45,-0.6123454155975467,-3.0191190617834156
31.7,-0.6187574896132123,-3.0605403712490533
32.25,-0.6020974718957707,-3.0523635549849764
29.2,-0.5588518650658375,-2.9562173794299174
33.1,-0.6321091814268567,-3.27868589750533
31.55,-0.6271658994480882,-3.1837363286293163
32.25,-0.6073866668280098,-3.195047537374854
34.1,-0.6334523455355392,-3.1729490794313464
30.65,-0.5923835853390992,-3.0184381607337656
28.75,-0.5853504287106264,-3.1278023515745277
36.15,-0.6193626947976828,-3.099472725470153
30.7,-0.5723099669267513,-3.1222170001382294
29.35,-0.5791481775003964,-2.927218532825146
30.25,-0.5839105421507972,-2.807473026637562
36.05,-0.6330782419965189,-3.010544412805242
35.9,-0.6662488652309049,-3.0460254054512834
30.5,-0.5946794326749546,-3.0363996475631225
35.05,-0.6068396236076214,-2.8656048426308334
34.1,-0.6478079643201736,-2.966610876911513
37.15,-0.6686018990176633,-3.0720476400196763
31.05,-0.620226451259286,-3.179659902262439
33.05,-0.6038781410391528,-3.0032893185622087
31.05,-0.5938732207871824,-2.9394747473812344
29.65,-0.5587239856754167,-2.9515921882387786
28.0,-0.5593774638097292,-3.012882102427281
30.75,-0.607305213442072,-3.002858620957299
30.35,-0.606654996479409,-3.1234309923171213
28.95,-0.5571408969424745,-2.8943035395636256
34.4,-0.6445603202976918,-3.039838537489575
33.75,-0.6482313010366503,-3.0774530213614604
35.15,-0.6265727807207306,-3.1223679790914884
37.6,-0.6503910938915088,-2.9217133631732084
31.95,-0.6139534137972376,-3.0062806819157872
30.35,-0.5536309615723004,-2.9694243302365395
33.6,-0.5926952227558353,-2.9373725213871533
32.95,-0.6203854174907159,-2.9505032879951516
37.75,-0.6522600513859438,-3.054358431214477
44.15,-0.6822396879034207,-2.9503399794281675
34.25,-0.6287392148457285,-3.0408943521151905
42.15,-0.6662624995143596,-2.867549070546912
30.5,-0.5947315491734795,-3.0100947694561717
26.8,-0.5163814337418676,-3.0802076346781435
34.55,-0.6456580646436711,-3.02574138888846
34.15,-0.6188414098580434,-2.996821130142523
36.2,-0.6447949920260634,-3.0148171111508844
30.8,-0.6023243910654893,-2.947633413106029
27.75,-0.5713890000119839,-3.0563719735661516
36.15,-0.63042010102428,-3.1373046115539873
36.0,-0.6476476497614805,-3.091100016717708
33.1,-0.6268731076311661,-2.981867579565015
37.5,-0.6515069785558374,-2.8979690147033876
33.3,-0.6129194036787702,-3.0891635952385816
29.75,-0.5771325960812909,-2.8992047577885254
37.0,-0.5876717418226908,-3.0614680510928878
32.65,-0.6392100394404794,-3.0301087973683902
34.55,-0.6499077637363533,-2.9378312617683755
38.25,-0.6837946012711249,-2.9828444163626555
30.85,-0.5975669868543536,-3.0247408192381067
37.25,-0.6015957090749068,-3.119982819799867
30.95,-0.587216341407071,-3.2154296030083778
36.6,-0.6688215346134705,-3.23335606147788
38.8,-0.648706625643982,-3.0713483833120576
33.65,-0.6174505108357102,-3.117395057876179
39.5,-0.6725603270866637,-3.0704334036912373
29.5,-0.5454409056326491,-3.0861086028321454
31.6,-0.5867271852869878,-3.152480276575214
35.65,-0.6493494635546715,-3.0429880906004754
32.4,-0.6175631555951331,-2.9520009431995944
42.0,-0.6442480023324995,-3.0789694828905088
31.9,-0.621495793588394,-3.165534277258196
33.6,-0.6171745831370036,-3.085524435900896
33.05,-0.6335785008570398,-3.003558686019685
29.85,-0.6113588533578493,-3.082179835111557
31.1,-0.5902491018424693,-3.01835170190627
32.5,-0.6207266024125543,-2.989632644071302
35.8,-0.6497163345416876,-2.8981547468844564
32.4,-0.5999434031712085,-3.0505287343857237
36.2,-0.6367002587015274,-3.0001857352072756
34.0,-0.6152934317729937,-2.917750090480817
32.0,-0.6038348545627242,-2.9712211580204118
37.45,-0.6155705586271752,-3.1336887631951282
33.55,-0.6467026600378036,-2.958272076608971
31.55,-0.5996691259008434,-2.9957946544158727
35.65,-0.6202029945201304,-3.179257824125654
33.45,-0.6216993656723548,-3.198608682492254
33.3,-0.6311257584217189,-3.2409741960916607
32.35,-0.6174123215483223,-3.072272553549252
29.25,-0.5805679741956746,-3.1052852394054034
30.5,-0.6088848860100338,-3.0745048189436535
36.0,-0.6121939767304533,-2.936077055938804
30.35,-0.6003457008330686,-3.1563813578155466
34.3,-0.6190576518380924,-3.06477895039239
34.8,-0.6038481212445814,-3.123668142701834
36.35,-0.6505577470111492,-2.99294865510266
28.4,-0.5751310122337172,-2.925940916106066
33.5,-0.6059592640620682,-3.154945831859839
35.15,-0.6293116554199047,-3.042773581068611
34.1,-0.5846076409857037,-3.049937370402058
29.8,-0.5549963994167035,-3.126664141997675
36.0,-0.6454662849279589,-3.1050889719163113
30.5,-0.5873364317922073,-3.0279055760566442
32.7,-0.6198248070881273,-3.1191280577150304
33.2,-0.6046947596631653,-2.9357131767031763
33.2,-0.6109211059842925,-2.8967580504337955
41.65,-0.697102596157912,-3.0875708270926596
37.1,-0.6642470004606418,-2.8903640079238655
31.35,-0.5730286604226408,-3.0321914924970557
33.7,-0.6375800004010536,-3.0959427065101903
33.05,-0.6076700113200343,-3.0175606567220044
34.85,-0.6495692454392713,-3.114997618730421
35.1,-0.6579063734856394,-3.1191959717083186
32.1,-0.6295011306915017,-3.021797025499439
33.9,-0.6266850301816023,-3.0067373684273004
33.6,-0.6262060239018499,-3.019124347892921
44.35,-0.7063488825594659,-3.0026460783625346
38.2,-0.6313822069727109,-3.0391420605428237
38.6,-0.6346720638243694,-2.9689896317860973
35.3,-0.6382199846602726,-3.05399634994415
34.3,-0.634568540178494,-2.9767215062767436
38.8,-0.611868684336882,-3.062530163396448
39.5,-0.6718239453861162,-3.0786902542047
32.45,-0.6016318104056292,-3.1043794697860636
37.7,-0.5872920922251094,-3.0530716803224234
31.55,-0.6099819236529737,-3.1361094109372747
34.4,-0.6432988745614632,-3.1722054272354305
32.05,-0.6042230869332675,-3.070123428824723
31.1,-0.6222311937031298,-3.2374211719037036
31.05,-0.6063922026967243,-3.1477443321516354
34.15,-0.6359841512838937,-3.1205294451575694
35.6,-0.623361457178833,-3.076864363933269
29.15,-0.5789091698305386,-3.229460408613582
35.15,-0.6381215106343222,-3.0224790399279087
32.0,-0.616825423761376,-3.104797004890682
30.8,-0.6116551258814864,-2.933765693619713
32.1,-0.6375004913510848,-3.0319963464169604
37.35,-0.6590034646376397,-3.0595540752713375
33.95,-0.650497885775408,-3.0253216365390565
30.7,-0.6146484397339254,-2.943068668374401
30.6,-0.5926846034986472,-3.000439725630477
34.8,-0.6531266969707222,-3.082526619922011
33.7,-0.6269612890437796,-3.0967801396775565
33.65,-0.6149428772104704,-3.0445565219790938
36.25,-0.6126011730694636,-3.0228235390155214
32.45,-0.6191314289772167,-3.1254034421268693
32.85,-0.6233477430710168,-3.1283315780470744
36.0,-0.6379425304980428,-3.117649985149804
36.15,-0.6364699238487476,-2.9694346983640174
32.75,-0.6259911938703159,-2.9836166555424706
34.85,-0.6485437075386253,-3.090343520923255
33.05,-0.6226024470927485,-3.0982608865427723
33.95,-0.6221854030314822,-2.9086840622200083
30.1,-0.5942682537075223,-3.084871260306998
34.25,-0.6450864878318482,-3.1268789527119663
36.3,-0.6525014529132829,-3.149446357423249
34.35,-0.6325628808093612,-3.063450032556355
34.7,-0.6581665490560422,-3.045711600578236
30.05,-0.5792799885752122,-3.027775634467373
31.05,-0.599702699594704,-3.011840230745067
35.3,-0.6512761743609601,-3.013499708494129
30.5,-0.5909882729969449,-3.0428506271002225
31.2,-0.5968510857872965,-2.8883517268557233
31.05,-0.5554497672054752,-2.9858644913806303
33.75,-0.6140620358652049,-3.0145844740079055
27.5,-0.5737745829579185,-3.1058812445478496
32.6,-0.6427194471217123,-3.025513792852617
30.8,-0.6003704548289481,-2.9374476027162113
31.7,-0.6294393338658375,-3.08686945055962
33.95,-0.6117752605916948,-2.9815121688854136
35.9,-0.6250597237109737,-3.104658670003942
31.85,-0.5982429823738232,-3.1142566499545175
35.4,-0.6483649300557089,-2.954234104770984
36.35,-0.6595374488189439,-3.076332359263374
36.95,-0.6217531936100419,-3.053575274239381
37.9,-0.6642639763052142,-2.9170594634660527
34.65,-0.6365270966298884,-2.9611580652629015
39.65,-0.665086318132561,-2.864183735793502
34.7,-0.6067006407000606,-2.9615833902618194
42.2,-0.6862156422321286,-3.1018410161426244
31.5,-0.5867247379078251,-3.0550942870013698
34.7,-0.6039028463475222,-3.0487380491164924
32.1,-0.5826569561287097,-3.0002421697533315
39.1,-0.6634093572661109,-3.0816725712991473
37.1,-0.6390758289139484,-2.9485840575012645
27.7,-0.5729664183307668,-3.0511748184006366
35.2,-0.6455680039236531,-3.1782946289404905
30.55,-0.574666487749609,-3.0992181234560103
37.75,-0.6564828377121932,-3.05008735185028
36.7,-0.6391318912667213,-3.0187475213110746
35.65,-0.6485780388698347,-3.054125095120623
33.75,-0.6431961690904456,-3.0393766391297654
39.1,-0.6796324127448663,-3.158061487338903
43.0,-0.6960383876298207,-3.0691496268992964
35.85,-0.662964455416186,-3.109997753011017
33.55,-0.6290802635356942,-3.0597437239045084
32.45,-0.6092794843370923,-3.043604003182801
30.45,-0.6166795337233529,-3.019574537920497
32.45,-0.620618771228429,-3.1658298287864866
31.35,-0.6256030139554329,-2.9687225723996034
31.7,-0.5995516181763648,-3.007979281719761
31.4,-0.5980059745501666,-3.083609658150701
34.3,-0.6395047735073971,-3.1116198824317616
33.3,-0.6328480053968406,-2.969964379061743
33.55,-0.6235680182496819,-3.111406373236705
34.05,-0.6225319768973403,-2.995058019388045
39.85,-0.6726656177685849,-2.974148577743201
34.35,-0.6396430782777356,-3.017439711368687
30.55,-0.5965429850496838,-3.072381807433995
27.25,-0.557431218381108,-3.017044754441333
38.55,-0.6635968743256645,-2.997148525866921
32.85,-0.6157292658462311,-3.093525684760114
30.65,-0.5728930562964459,-2.8844947946298256
37.6,-0.679762294434476,-3.017943980826867
33.95,-0.6473475426480335,-3.1534115548149915
32.15,-0.6242473651995198,-3.1415551579185492
32.9,-0.6083686951358598,-2.949951580636484
36.0,-0.6368973200803711,-2.924539709625519
30.25,-0.5650579148370379,-3.011128505080813
30.3,-0.5741400924793906,-3.145417940773341
37.0,-0.6548773828888586,-3.1406615528590556
31.75,-0.5910782810200104,-2.9893290663222336
36.8,-0.6647804916965995,-3.046196898323438
31.15,-0.6170030309994461,-3.0411358616176978
30.7,-0.5929663654390456,-2.9914877553816988
34.7,-0.6398099249896455,-2.8503770655659126
33.3,-0.6051360940946969,-3.0138252249478965
36.45,-0.6704958392330559,-3.090863240166217
35.85,-0.6250873451942976,-3.1135527192395407
31.95,-0.6101627233674278,-2.9596347184659764
32.85,-0.6307227468908286,-3.0285391021560333
32.95,-0.613822587955493,-3.043906881509161
36.95,-0.6453742169557981,-3.0920722739848925
34.45,-0.6516756708395007,-2.9535953569914675
31.75,-0.6120926542405748,-2.9179361024955073
39.7,-0.6853306942004354,-3.037884799452421
34.25,-0.6393582578327228,-3.0925152794455455
29.5,-0.5834771769579521,-3.0967778982832757
30.65,-0.6013910940721104,-3.115534423930457
36.1,-0.6686018439908208,-3.0884330483575244
37.1,-0.6262189083157719,-3.093358404020605
33.25,-0.6254862584484986,-3.088932399225846
33.7,-0.6204583640342018,-3.141688105067996
33.05,-0.6328219528486365,-3.043810149796821
27.5,-0.5026225863868834,-2.980017025514757
31.45,-0.6017330155360963,-2.973575015402135
29.9,-0.5886401766128218,-2.72450466635963
29.45,-0.6060081542450209,-2.9562308902010836
32.65,-0.6252261694961503,-2.959658440849919
39.15,-0.6612269111579158,-2.9035336524825786
34.25,-0.6266885865505958,-2.8958583497452928
36.65,-0.6544728241313669,-3.0053488626647713
32.55,-0.5819283656511132,-2.926570614110687
31.85,-0.6296675722651897,-3.0774061497993537
28.1,-0.525683669081431,-3.012217582181612
37.1,-0.652987200423907,-3.0940527312772046
30.55,-0.606394429690218,-3.023044957303038
33.8,-0.5938660659690072,-2.9454965937022886
35.45,-0.6291551071935644,-2.95940692474974
37.45,-0.6289909994379443,-3.0517960882310624
34.1,-0.6397181185988691,-2.905168170122676
33.0,-0.5766971981218383,-2.947231945144871
31.55,-0.609150941577866,-3.0507143229845193
35.7,-0.6489888329778198,-2.9571062037598144
35.35,-0.6055693594655881,-2.946081901510999
35.05,-0.6419240881425364,-2.9111110527808925
30.3,-0.6012148422031504,-2.9815580326013924
29.35,-0.5970633557377412,-3.1250487303633454
37.4,-0.6536491099608412,-2.9806670139933433
29.05,-0.5936997735284024,-2.98494697680987
29.6,-0.5511799329806275,-3.0025332011918096
33.45,-0.6350667952376481,-2.943236639147419
31.9,-0.6051508561122078,-3.088630311762537
34.0,-0.6339004847373364,-3.1100762208259676
31.45,-0.6000994864903462,-2.8294416822133686
29.4,-0.5826937913835654,-2.9010025676187
34.25,-0.6239763890927386,-3.0846218224413784
30.05,-0.584186306434539,-3.1194110283495524
35.5,-0.6689463447129275,-3.060057821038657
34.45,-0.6420901349661039,-3.102827374919657
34.45,-0.601824800432767,-2.8432301396968005
28.6,-0.5658736684793602,-3.04831883952023
27.85,-0.5743154675020158,-2.9052549227967868
36.55,-0.6432052624974969,-2.8580692478930394
29.15,-0.5807223578080778,-2.9904794767428955
34.45,-0.630362945318222,-2.976000289704611
40.75,-0.6781232910844248,-3.0361124289003754
32.2,-0.6156308103471624,-2.978694028236471
31.55,-0.605487070002234,-3.0684052116296394
28.0,-0.5689259781472781,-2.972364098706941
35.45,-0.6578609471283544,-2.964333328094481
32.35,-0.626151798923663,-2.9248155298875855
33.4,-0.6155311483968691,-2.9706332519098804
29.4,-0.5968215781350124,-2.9320975012335664
33.0,-0.6138496942921057,-3.008583055457635
29.35,-0.5860402419446589,-2.8844046383374606
31.0,-0.6150609922624999,-2.947666171518494
32.15,-0.6008135679363285,-2.975043697792431
35.25,-0.6591248371000636,-3.026527448533867
28.55,-0.5461311179041687,-2.9655269794427195
32.6,-0.6257836055324049,-2.908103761470739
31.65,-0.6013400674568002,-2.8489752897969853
30.85,-0.5782086141990999,-2.932490641580281
33.35,-0.6211132145669105,-3.015260215003958
31.15,-0.5864315313370878,-2.8617171379880055
35.4,-0.6523328740071193,-2.9242087387063984
32.95,-0.6121602944096409,-2.927058237776653
32.45,-0.6303645092853518,-3.0172357272505623
36.3,-0.6192469189583887,-2.8703789721530186
32.7,-0.6002801660854689,-2.9581178578849565
33.2,-0.6159466895535143,-2.9940967890517465
31.2,-0.6193145315580643,-3.096141126981043
41.65,-0.6535689957170042,-2.9643050715742167
28.9,-0.5757951127650732,-2.918306096165487
34.35,-0.6454560596058776,-2.9470144923345445
29.5,-0.598911634212125,-2.8787378581715037
31.35,-0.6108794558296429,-2.9200648779912854
36.5,-0.649509641309759,-2.982722055753597
34.95,-0.6491778580403873,-2.9946550197186825
35.7,-0.6461549677844907,-2.819023398471929
30.35,-0.576736082366323,-2.9807042494384435
30.2,-0.59347255930967,-2.9138680709957603
32.35,-0.6184001108688687,-3.032886726393059
31.2,-0.6067358449916458,-3.0296933636485406
30.95,-0.5999434510660002,-2.9088035816064646
36.3,-0.6618464809569006,-2.921481576037503
32.7,-0.6288889706445171,-3.030327812666352
33.55,-0.6344393731739367,-2.9489510867374946
32.6,-0.6366175733600954,-2.9300796549047003
36.35,-0.6600734848386443,-2.9504366863945517
34.15,-0.6223876509126706,-2.8622082354669103
29.5,-0.5751653649350011,-2.888090183934769
37.85,-0.676248861882127,-3.0631806341717898
33.7,-0.6248140601982659,-2.9076438958993664
33.75,-0.636701522237704,-3.032314199924084
33.35,-0.6138185360004713,-2.9955512581833905
31.65,-0.6123345532104761,-2.8801640203600547
30.5,-0.606320060772847,-2.9109630835495137
35.1,-0.607236446896924,-2.955338368033243
32.15,-0.5918664789590382,-3.0139231811201808
32.85,-0.61107757426378,-2.9224920445122877
33.8,-0.6219631836451114,-2.8486264634516107
34.15,-0.6223749610366667,-2.955405987949412
30.7,-0.5885645061741057,-2.99911038266914
33.35,-0.6108538013069928,-2.923375182027838
32.65,-0.6051749634367944,-2.7357647889049432
27.0,-0.5568281493905143,-2.9453896796497183
36.1,-0.6438028030095678,-3.017126492467975
35.85,-0.6296822420385141,-2.8748569924545797
31.75,-0.6063913740789691,-2.906205743362384
32.35,-0.6062101467746368,-2.9626144643040098
30.3,-0.5555968085086876,-3.0032752717703395
38.55,-0.6716968672560395,-3.0518066717004437
32.6,-0.6175404961454538,-2.986114820895307
31.35,-0.620112700077937,-3.1001948954538094
30.5,-0.585921689330066,-3.069170867854513
34.5,-0.6215420776593714,-2.9514433183217093
33.9,-0.6423192061067166,-3.0503129074691318
36.95,-0.6524885332144935,-2.994475681941018
36.05,-0.6686742775799865,-3.0949224626123675
36.2,-0.6322209127568457,-2.8741317917876477
29.25,-0.5876269027081193,-3.134959375634549
34.35,-0.6434391727595778,-3.057279052121139
31.3,-0.6216821600775466,-2.9882090468002827
37.7,-0.6661498876819049,-2.930692950100277
33.45,-0.626384059216708,-3.075971563474256
33.25,-0.644445978150559,-3.0064232460641245
31.6,-0.6044295903444903,-2.9223662338959913
32.65,-0.6287928413932848,-2.8700346643568357
33.25,-0.6286316304802904,-2.864716715752011
36.75,-0.6552555175168779,-2.9453999434102367
33.5,-0.6264562472014147,-2.903525566647656
31.5,-0.604567989605907,-2.8181312855823903
30.95,-0.5726973797719517,-2.9597685217944454
39.9,-0.6401382986939899,-3.0539425323269365
31.35,-0.5836038320854249,-2.995333588641006
35.4,-0.6137566992640433,-2.9330600562830282
32.8,-0.6251805795636287,-3.2078444693576125
29.25,-0.5827813640648225,-3.0031637475282027
34.35,-0.6320636577984309,-2.9939665855098454
33.9,-0.6102507617444568,-2.889744637222335
31.9,-0.61425815161842,-2.9388975082128095
34.0,-0.6217810403220301,-2.876232741837988
37.35,-0.6251331809127494,-2.8885223295144233
34.8,-0.6177463675908379,-2.980438965940512
32.05,-0.6057918926556219,-2.939238521447863
34.6,-0.6516457038939302,-2.9735288354783256
33.3,-0.6341416350073642,-2.9656172213798992
30.95,-0.6048449945632476,-2.8779845940389572
30.65,-0.5881560128889227,-2.8354820166892
34.6,-0.6626556842453046,-2.801423895081157
26.35,-0.5525348755533722,-2.9547121973105983
32.8,-0.5914294805499383,-2.938557791583249
30.95,-0.6064854807316784,-2.927300809035029
34.75,-0.6396066698293175,-3.023267550483933
31.05,-0.6115610710325956,-2.876473656158722
33.9,-0.6256137845209068,-2.9534520287600374
35.5,-0.6147830522677298,-3.0125702155049803
33.1,-0.6042473574102167,-2.8962877421376714
35.1,-0.6305292110125056,-2.8739676899866566
32.5,-0.6349993337986667,-2.877294666921183
32.15,-0.6041340202428798,-2.98308946529468
28.15,-0.5615687211968716,-2.9142267410111438
31.2,-0.5804401564545956,-2.876006114355348
37.0,-0.6537125561734485,-2.973807796024844
28.3,-0.5648788932926905,-2.915420929286585
35.0,-0.61337447995088,-2.8373748654650726
35.1,-0.653036220081405,-3.136709023384614
29.1,-0.5826372921670329,-3.031940510979817
31.85,-0.6267397721018215,-3.0587403943638316
36.9,-0.6471289970535933,-2.9275597041090373
34.05,-0.6393928557926398,-3.027782332396631
35.05,-0.5830574212366006,-2.981183410244534
33.85,-0.6093379787253842,-3.169349601123988
39.15,-0.6716004804394833,-3.10442260358727
29.2,-0.5931851860057504,-3.118996004762489
36.05,-0.6377613971826104,-3.193504269580194
34.6,-0.6356461429098876,-3.1380392615999257
34.0,-0.6281545993806712,-3.0644998193487103
35.65,-0.6336305110418887,-3.0750667921297286
36.3,-0.6597805981921933,-3.0336196024607824
35.3,-0.6331474157834618,-2.992066403403116
38.45,-0.6508926378333907,-2.8289515736036153
31.5,-0.6217749199591419,-3.0210970441284943
34.2,-0.6141329737056658,-3.015349274700262
37.6,-0.6209951346292922,-3.0872852962262747
32.1,-0.6322704932969361,-2.944086448674505
36.25,-0.6302067903656293,-2.813952595575549
34.15,-0.6212786318185799,-2.917869650005276
38.95,-0.6871095316511009,-3.125846641477332
37.7,-0.6307534129174506,-2.8022100334792883
32.8,-0.5875249387609384,-2.927861217660257
34.3,-0.6210397338734446,-2.918926539594705
36.75,-0.6204479868957107,-2.926723120642783
31.7,-0.6134845738138872,-3.2138447520249307
31.9,-0.6177550048433577,-3.1008901435312604
28.85,-0.5894716151510939,-3.1559375186501617
38.75,-0.6301449012760167,-3.025361874068477
36.3,-0.6706437376544803,-2.943263088079344
34.95,-0.6284885988884229,-3.1408229561543126
34.05,-0.6086587026053831,-3.0292167913114
32.75,-0.6239910805835389,-2.9616621876797007
32.85,-0.5874387828496623,-2.9448407194569035
36.7,-0.6329039020480238,-3.048258771645525
32.6,-0.6149187554700843,-3.0599049907135116
36.8,-0.6541060882165769,-2.932596845252413
36.25,-0.6625839938857611,-2.8803517505811724
30.8,-0.600304891115738,-3.1509087472613397
31.5,-0.5977949221179693,-3.1059545864602334
33.55,-0.6250783237184337,-3.120025077791664
31.7,-0.607852307779521,-3.0866594965185072
34.35,-0.6376753502059039,-3.0196290800340875
29.6,-0.5735590411607092,-3.0443206792149793
36.3,-0.620377005123071,-2.9719706866834246
32.25,-0.623563023744107,-2.9340095585339165
38.6,-0.678992664108489,-3.0160023060896846
37.25,-0.640251106050226,-3.08407868134288
31.3,-0.5831422828172383,-3.0854120421090383
30.15,-0.6066137634577936,-2.9983227403772075
28.7,-0.5283552645512763,-2.9653912658482136
30.05,-0.5445467406145877,-3.0879740409139025
33.9,-0.6089208158910276,-2.924953460603551
31.15,-0.6080926631140654,-3.0516654775321412
32.65,-0.6131027913233755,-3.099217889847226
32.6,-0.6167284792672529,-2.9853892549572523
28.95,-0.5879119941804994,-2.97033335795942
34.55,-0.6481432073597071,-2.957606675985763
30.95,-0.5890402978755581,-2.951344152843673
34.9,-0.6214527842359316,-2.950062623753073
32.85,-0.6098002453072298,-2.931644143042463
33.9,-0.6450900948015683,-2.97785355542947
32.8,-0.6463479485540354,-2.9025122291543792
31.7,-0.6286027865519463,-2.939052809723225
27.35,-0.5667425570242612,-2.9283676781182955
31.45,-0.5819657428956322,-2.922681502681468
33.5,-0.6425018232360938,-2.9649698332031895
29.45,-0.5977847519713062,-3.1291639001194924
31.8,-0.6232529416890256,-2.9491976289594097
38.85,-0.6674067646040263,-2.9136841875321613
34.7,-0.6478879723228409,-2.995563667507185
30.8,-0.6186021858701019,-2.9844479965339747
37.35,-0.645848483932213,-2.8552367836356263
37.05,-0.6119972362211714,-2.9298776082925815
30.5,-0.5949256363409754,-3.0281515856263517
30.65,-0.6062030365543359,-3.043482938112869
36.9,-0.6375462980216396,-3.0278638232214368
35.35,-0.6603251710952294,-2.8866320345205314
36.5,-0.669799585428289,-2.811195700494627
33.9,-0.6355016933217502,-3.0225558830260746
36.35,-0.6487105267406639,-3.0541289526152773
30.4,-0.598049497419074,-3.007196641393986
33.6,-0.5869624708039957,-2.9049301314477107
31.7,-0.598093354255057,-2.8506567827812086
30.05,-0.5848935426222772,-3.099353355933286
36.8,-0.6805594896987419,-2.928901464440922
33.2,-0.6158148474189495,-2.8731418343709807
37.8,-0.6676651609778081,-3.036554153206436
33.6,-0.6057056077126172,-2.8035321759997474
26.65,-0.5513027226857788,-2.972079663328857
33.15,-0.6291373330431969,-3.061001362377076
28.55,-0.5478143915417262,-2.8470525141906897
32.1,-0.5992939868086566,-2.989429550332471
35.65,-0.6681632505707951,-2.8604141418608457
30.9,-0.554129751982331,-2.7800268637533376
31.25,-0.5879146108857315,-2.896958411203914
28.95,-0.5843703306032891,-2.8865853091511906
34.55,-0.6266926520734529,-2.9910075925497823
33.95,-0.6084898579879072,-2.7831044581003495
35.35,-0.6268000343040664,-3.0158599703872286
29.05,-0.5919194741162018,-2.961907518475049
29.25,-0.5822490766803685,-2.7919319079305134
34.35,-0.635264264554509,-2.8945094579549373
28.8,-0.5735183542818223,-2.9045180614952235
39.8,-0.6567286593133361,-2.9315156431805924
34.8,-0.6324177489973769,-2.928850537267414
31.35,-0.6107812360652244,-2.9697599343062184
29.85,-0.6034907141678066,-3.0904440406413864
35.7,-0.6227589888305614,-2.912136363177992
33.55,-0.6222685571692755,-2.9544747962329296
32.25,-0.6284104167619161,-3.0345659548012023
32.5,-0.624071686775089,-2.9102492006650738
36.6,-0.6651399676038864,-2.901307584200566
29.55,-0.5843265372357864,-2.8104050832965197
30.55,-0.6194251203342006,-2.940190422409557
32.1,-0.6282566835352055,-2.926269816200768
33.6,-0.6082928993097714,-3.036487971775897
29.85,-0.5813826486782104,-2.90298624228644
33.65,-0.6201172672688686,-3.005535023370251
32.75,-0.6421763124337636,-2.9563348318486655
33.15,-0.6097323286739632,-2.9118445457592697
30.8,-0.6070764850803825,-3.1347434470292077
34.7,-0.6273808728982042,-2.9937317575796087
31.3,-0.6111399406433923,-2.886885447830379
37.95,-0.6658238393067116,-2.999100085741606
28.1,-0.571438425439039,-2.942984794854841
35.1,-0.6352250104399231,-2.8654657879588847
36.4,-0.6280337450826405,-2.862060120549335
30.85,-0.6044142618068981,-2.830372366967751
37.45,-0.6227646706639087,-2.8624335507180705
32.95,-0.6081309450343338,-3.031963175277154
33.25,-0.6345704555286572,-3.1312011641788793
34.05,-0.5968870908444786,-2.8785997158754717
31.35,-0.6098531737774857,-2.870695460987961
31.9,-0.6207892046710488,-2.991454000790799
30.1,-0.6013648208688417,-3.0132332810306095
30.35,-0.6058623894420971,-3.030635970566593
33.25,-0.6297747345135424,-2.888952082758406
33.8,-0.6057854309081423,-2.9421519136002567
29.7,-0.6053916770761064,-3.033978842581273
36.05,-0.621962062626478,-2.9980440795162755
32.0,-0.6210042649069123,-2.889830541593782
34.45,-0.6376912491800922,-2.948263312328136
34.8,-0.5914660234604829,-2.9234130090082573
29.65,-0.5734221304066229,-2.918835303763661
30.7,-0.5996834357280114,-2.872435053758412
36.3,-0.6332917426976492,-2.9060688635545877
32.7,-0.6186953236300748,-3.0486291397699508
31.4,-0.6191028167449953,-3.0247173104363254
32.6,-0.606909619351278,-2.9746775868846433
30.55,-0.6128067538607801,-2.8836348941449037
25.45,-0.5122250109857844,-3.0256755622220957
30.55,-0.5802136078641406,-3.0259068901157127
36.1,-0.6330005979599338,-2.9997882226996806
34.95,-0.5625283446091476,-2.9094067126829692
31.7,-0.6263819252647362,-3.009691978665988
34.2,-0.6527019598345257,-3.024612474011336
33.55,-0.6160267763097387,-2.7919080756479007
34.45,-0.6109521696433368,-2.9387253658918775
36.05,-0.6566452923425936,-2.9910920879592706
45.65,-0.7030108839847429,-2.9723510866652214
35.7,-0.6218414399988351,-2.985210934139667
39.05,-0.6692840726495822,-2.919661242187526
25.8,-0.5516521346957861,-2.931990204762473
39.15,-0.6394093224573403,-2.9192908820248453
38.8,-0.6506122269935288,-2.9187624048763725
29.6,-0.5913326822407139,-3.0121631592135865
31.25,-0.5853231375767088,-3.064314836908101
33.4,-0.6197227922403944,-3.1389063703082805
37.4,-0.6472311371611112,-3.0383753209517104
33.25,-0.6373432164037534,-2.9772195917155693
33.7,-0.6379385661059523,-3.1684894562976353
30.0,-0.5901217204545122,-2.856784819362329
37.3,-0.6696628662931257,-2.966130053340448
33.2,-0.6446985727149492,-3.0900385481334105
40.05,-0.6718022277426714,-3.0023246323134476
38.55,-0.657260286050378,-3.076414083259981
36.6,-0.6342629121911159,-3.0456947995845955
32.35,-0.6350754713141847,-2.9915661167140555
36.95,-0.6665216467151355,-2.897270001644824
34.5,-0.6052734905458822,-2.988928995822153
33.3,-0.6350319021301536,-3.045885878426408
34.85,-0.64732499065342,-2.7757835645419062
30.0,-0.6037482567537162,-2.991362455172278
41.25,-0.6260277596000293,-2.841542446368133
33.9,-0.6294698984889339,-3.079333115334973
40.95,-0.680073134610532,-2.927549705483888
34.3,-0.6309143482838564,-3.041611759506999
28.15,-0.5843325569996604,-3.0593551144186657
42.1,-0.6762493374448397,-3.0810033627995828
37.1,-0.6407085639837741,-3.0739302922091443
35.4,-0.6492816542893382,-3.167915982177315
34.3,-0.6402214011228428,-3.121664463595395
34.8,-0.6565702889768461,-3.0094311606757422
28.6,-0.5914559342728534,-3.030801833689761
33.15,-0.6177230896588408,-3.1285677361034194
31.8,-0.6128320232154414,-3.1472496125823066
36.7,-0.6452173256464399,-3.142804038016963
31.6,-0.6073312338158453,-3.103741151020858
35.75,-0.6474152421767304,-3.182757159162451
32.25,-0.6412958936782897,-3.1554931862416837
40.1,-0.6685228356589523,-3.0549871316796806
31.35,-0.6213341380829062,-3.09878342252627
34.2,-0.6606589413918983,-3.1680793460467047
34.8,-0.6415467308398074,-3.0227963704653815
33.65,-0.6300830382224178,-2.9342994878603332
31.7,-0.6212851260023373,-3.1455767503045875
36.0,-0.6513683723955804,-3.1100520395819866
30.8,-0.6002490795584878,-3.1492835843313367
31.7,-0.6008335861004043,-2.9218249506519394
35.4,-0.62594649684076,-3.0747686389921056
37.4,-0.6588589018020303,-3.0599348377572477
33.05,-0.6087313563812756,-3.0040617854157783
35.9,-0.6483485008850822,-2.9523601827819492
38.35,-0.6588360588078654,-3.0313981446524947
36.2,-0.6531681744393119,-2.9750419732302436
35.2,-0.5859027459807176,-2.8944261816727748
37.55,-0.6700974730401118,-3.148699786927501
32.1,-0.6009736795847875,-3.0159791769395117
38.45,-0.6415390197710226,-3.0383147647552944
34.9,-0.6381354933165315,-3.1163270608316416
30.05,-0.6075250064129404,-2.973247320816306
34.05,-0.6151791620272659,-2.9745257422394826
33.7,-0.6197895554526369,-3.073829461014142
31.15,-0.5987070662936929,-3.1013529930693347
32.85,-0.6355721551649032,-3.012172031494695
29.5,-0.5723133940794148,-2.9425687253172517
28.3,-0.5728037204234946,-3.0134668335356087
38.85,-0.6538406434402051,-2.9716631347064997
33.0,-0.6288868652946104,-3.1799946884457473
30.7,-0.6141766032813275,-3.170389487842474
35.35,-0.6575247321146542,-2.9546884670397775
33.0,-0.6160125409783578,-3.057509294418134
40.15,-0.6212110699725268,-2.864507907055354
37.25,-0.6803065045364567,-3.022464260616656
31.35,-0.5817768260691765,-2.881663780040426
31.65,-0.5906152630591232,-2.9717947926608637
27.65,-0.5710166236021745,-2.938356078307856
32.9,-0.6158813847687011,-2.9295436512224997
34.55,-0.6260518762065767,-2.9588935232670237
34.45,-0.6197755100482705,-3.0824698874797507
32.0,-0.5815817565034781,-3.0215161302066527
36.65,-0.6306205901797747,-3.056604711199036
34.9,-0.622275009518061,-3.085327803689374
28.25,-0.5303057292922874,-2.898808529518133
31.0,-0.6047214424357387,-3.010824090872107
28.85,-0.5662278184093525,-2.896951767186933
29.8,-0.5452095575167598,-2.833534329400269
38.2,-0.6614313627037902,-3.121869432120539
34.95,-0.6312868624166004,-3.074147689288402
32.8,-0.6022739909973913,-2.8487620040756023
34.3,-0.6110519619944437,-3.14862945398223
31.35,-0.6018297406485102,-3.1359667879094233
36.4,-0.629177899976979,-3.133888211637205
28.3,-0.56031832633532,-2.899378030936568
33.1,-0.6211031753868266,-2.9667632780137057
33.65,-0.6160644919686443,-3.018466748357663
33.9,-0.6398220851223819,-2.9237309400808167
36.0,-0.6380575507120347,-3.0502800801405034
31.0,-0.6041166003100324,-3.0503994716147522
31.7,-0.5973854205006874,-2.9060114527115863
36.8,-0.6661223007387805,-3.0667801805656265
30.25,-0.6051918979079018,-3.0438121568338237
30.45,-0.5969836832063804,-3.013559976755803
28.4,-0.5273451530932709,-3.017863535656015
34.15,-0.6224402008870565,-3.1321849853729007
42.75,-0.6992558569187166,-3.3277598139400135
32.5,-0.6138345269533029,-2.926112625125634
33.2,-0.6293855436795008,-3.0312857390370715
33.2,-0.6230516974964787,-2.9635574546248695
31.15,-0.60436990037117,-3.050336441783835
34.75,-0.6171320181091339,-2.841374719233204
39.35,-0.6872549960106412,-3.0101702785182907
30.85,-0.6153698740993387,-3.0891159348264425
36.1,-0.6653483387836867,-3.086328768795816
32.15,-0.617177672756175,-3.007703720254308
32.85,-0.6185707328977132,-3.03766071414838
30.0,-0.5948526026636216,-2.934151035663149
31.75,-0.6052995165107826,-2.944070241374847
34.25,-0.6026078557466084,-2.967761776885859
29.6,-0.5435895443563458,-3.01424696564358
35.2,-0.6332013928374007,-3.0244509710227248
34.95,-0.6613335910327913,-3.0791458345508635
33.45,-0.6293731122248463,-3.045285750680791
37.1,-0.6169335309204711,-2.9768610147156815
29.3,-0.5784185025693444,-3.092532927138282
30.5,-0.5244552779533412,-3.0079250015045402
31.65,-0.6133859254690377,-3.0154135555209787
30.2,-0.583839415685762,-3.0048198211418446
31.3,-0.5978408511279898,-3.039336253106837
30.7,-0.5852428619778891,-2.8599901655976847
33.05,-0.6091745348427695,-2.8440877709346193
32.2,-0.5828905639337809,-2.961878895057307
32.0,-0.6267858726870614,-3.097996128725869
33.9,-0.6409074808183355,-2.9540821095586662
30.45,-0.6027790869635127,-2.971606154756889
31.75,-0.6047201309339585,-3.0832027138306057
29.65,-0.5877933912020642,-3.055294622364907
36.25,-0.6536666330789013,-3.0059770584544583
29.05,-0.5843873335173984,-2.790291604795005
31.45,-0.5805041514278285,-2.996327734764891
34.4,-0.6329956323454653,-3.0618312898796978
37.45,-0.604521704517114,-2.9696067587934287
32.85,-0.6202047319285201,-3.1201962529375886
33.4,-0.6070361752589923,-3.023930813796196
29.3,-0.5571336073513647,-2.9956835727165023
34.9,-0.6295048584157057,-3.04440221683297
31.55,-0.6223933356015929,-2.9906658821370846
36.15,-0.6469458116962872,-3.0568002742490594
31.6,-0.6268381442446804,-3.1027055696207197
31.6,-0.61445140489009,-2.9190052036893013
39.2,-0.6597255598003476,-3.0964756694917113
30.45,-0.6123869516909008,-3.0253698439791177
34.85,-0.6401618143499767,-2.923862137866228
29.8,-0.6123478125432503,-2.994085081616841
36.55,-0.6482606795162292,-3.0063000146345535
33.85,-0.6155672919285198,-3.098274372138669
30.65,-0.5704932549926192,-2.8227087017143533
36.65,-0.6610321038429805,-3.100526943277216
28.2,-0.5324796817799407,-2.8996487806767175
28.35,-0.5723541177234355,-3.023686592064018
35.35,-0.6421028483918257,-2.9998619436134533
28.3,-0.5743968367545992,-3.033540308405705
31.75,-0.6090453341522608,-2.907613703660465
35.15,-0.6155093525934584,-2.940805590271272
32.55,-0.6019767713407911,-3.010845774193283
31.0,-0.6111529892679856,-3.1146461675526558
33.4,-0.6131606601706868,-3.070132258223579
34.1,-0.5973801331994982,-2.860603837963141
33.8,-0.6261761240179264,-2.94542848010641
33.15,-0.5893179482802442,-2.7947334860810136
29.15,-0.5496051643307879,-2.9447300201541418
35.3,-0.6381717941128808,-3.00253325552249
33.15,-0.637149558802493,-3.0177441997328165
30.8,-0.5707007778814044,-2.8365953632586884
32.95,-0.6054000841165794,-2.930510418300931
29.2,-0.5929846911637761,-3.0089634391996216
31.4,-0.5366555006328364,-2.9030613500488114
31.95,-0.6169672512916351,-3.0011725069037873
42.95,-0.685811250848582,-3.053656016569076
29.45,-0.5813044929254018,-3.0555968916230754
31.3,-0.6230698425732466,-2.9028232640362726
31.0,-0.6102601057521551,-2.865521289809951
29.85,-0.6063526225125895,-3.1434303010252997
36.8,-0.6457701521077521,-3.0581754778107015
30.85,-0.5974551463552252,-2.94072680720047
34.1,-0.6137384001467304,-3.0222394868107805
31.45,-0.6044655601124395,-2.929963482789503
35.2,-0.6336582513432505,-3.1121070444330847
35.9,-0.5990313723404604,-2.928233581877508
31.65,-0.6285639577511379,-3.038494538229152
28.15,-0.5701639615184381,-2.9116492065725224
35.05,-0.6209801601078901,-2.833569665371935
46.5,-0.6768661241288092,-2.940360051175786
36.2,-0.6322742118000979,-2.985022081595242
29.55,-0.5750659141338735,-2.883845429560026
37.8,-0.6826604331503138,-2.9742504511846115
31.5,-0.576543973685283,-3.080058959400172
30.6,-0.5713391236229175,-2.936232422767162
32.25,-0.6006840298395766,-2.897146835866927
36.75,-0.6502343106646974,-2.9904239271797435
28.95,-0.5870502478125167,-3.066767313083567
38.6,-0.6663258224021599,-2.895374340875413
32.25,-0.5970405247334005,-2.8849369543666636
44.15,-0.6290002336757314,-3.084693502306374
30.5,-0.5769404771607591,-2.951443704249719
33.15,-0.6310081045704778,-3.0586547620569338
31.15,-0.5829170541643618,-2.966087646996759
30.5,-0.5866200921080014,-2.9699016392521727
33.6,-0.6214692686404624,-2.998578086404354
31.35,-0.5956518920621173,-2.856017864791798
37.45,-0.6684671358823191,-2.9821492381173242
32.15,-0.6161113937001242,-2.8970939497761496
30.8,-0.6200922506531821,-2.8433348296385423
28.65,-0.577297901063595,-2.9613036237428325
26.65,-0.533777951414414,-2.9403693987768036
28.05,-0.5330440519436583,-2.9029616358949064
31.7,-0.5967198215846,-2.9611509020319318
35.25,-0.6504373616049064,-2.96895999233324
35.05,-0.6414365223199108,-2.9323459844755764
31.3,-0.5862336378254893,-2.89419671226946
28.75,-0.5535299360454118,-2.8688562061064387
28.7,-0.5588951273691468,-2.822125703242676
32.1,-0.6140522315940531,-2.9430881467047856
31.35,-0.6341150916776246,-3.0043793722099554
31.3,-0.5939890532726737,-2.7999182148978914
31.65,-0.5948025242723347,-2.9133878483177615
32.35,-0.5835111794879473,-2.943320899598876
31.2,-0.5963612399439138,-2.89669405268765
32.65,-0.6192596770037737,-2.857275144750987
31.0,-0.6039339400852558,-3.1150503274330417
35.35,-0.636220884287515,-3.085094395501292
28.15,-0.5865752039544249,-2.780933364726276
35.5,-0.6288521650066076,-2.875115743816865
39.7,-0.6587302079781122,-2.756266055603665
29.65,-0.5790726311427744,-2.9856152510412097
29.8,-0.5900441941977096,-3.0830430386780643
32.5,-0.6157126826201532,-2.877495595638009
31.9,-0.6059678333191656,-2.9878496946294772
37.0,-0.6072990111022702,-2.9851144288538225
34.2,-0.6331140418008017,-3.080280197250281
30.2,-0.5909985433334841,-2.9623278695488446
39.5,-0.6285888821446954,-2.9437017081167616
30.2,-0.5951376188712217,-2.785968500099454
33.7,-0.621705791507414,-2.819076316561699
26.35,-0.5636278267768787,-2.9221300060173085
27.2,-0.5370128765942169,-2.8184072734541035
27.95,-0.5653215387134898,-2.8688705956572846
32.3,-0.5916560762987504,-2.966306237941764
31.75,-0.6319751285838532,-2.9304319707345443
35.7,-0.6547277275847091,-2.87540758114953
37.95,-0.627332245050705,-2.883516390737256
31.8,-0.6061507565100348,-2.9187440628480825
31.1,-0.6072983644116786,-2.921832206930666
40.55,-0.6908396354626214,-2.9286449232461065
28.5,-0.5504753275114828,-2.8266295118894846
28.65,-0.5527852138845116,-3.0459191380702904
36.6,-0.6295046029256495,-2.946428768576629
30.2,-0.5988762990428629,-3.2086040134834293
37.8,-0.6526909259389861,-2.9748800888291442
45.85,-0.702734907109339,-2.96436850641395
34.1,-0.5938991803211704,-3.0113512344570776
30.15,-0.5766479124152674,-2.895529944560697
35.05,-0.6082046500328573,-3.043763914552846
33.95,-0.6241879975191047,-2.953904508309721
29.3,-0.5862838289253856,-3.0202854794365273
33.25,-0.6176625861373786,-3.0120893335179564
31.7,-0.606358066569454,-3.062448619340507
35.25,-0.6500746081830578,-2.887115658013683
31.05,-0.6031199212366009,-2.8579913529989867
33.65,-0.6258200492024304,-2.989311028203221
38.2,-0.6449558494500739,-3.101079923131575
35.65,-0.6033570795421561,-2.8938509016587033
36.3,-0.6542802033156113,-3.012775598700148
30.9,-0.5910495050802088,-2.956572064899834
37.55,-0.6174072841599079,-3.0183091498408423
34.5,-0.6567798431288543,-2.962974772824251
32.45,-0.6088012709032402,-2.9672222210786643
31.05,-0.583851307538799,-2.848821901755844
36.3,-0.6223916532501541,-2.966097117981838
41.0,-0.6978300482434057,-3.090330712260627
35.0,-0.622218097175556,-2.9533018124868686
33.75,-0.6413039675799104,-3.016492383278139
33.8,-0.6328431182890829,-2.96750057815801
34.65,-0.6237227205456162,-3.0022836439936853
30.7,-0.6075492253299715,-2.978411387023051
31.0,-0.5891162972763246,-2.9756187287093425
33.55,-0.6074771026940963,-3.1419279569932526
39.75,-0.6585879297869794,-3.0896008526444705
31.35,-0.6117187489328184,-3.113273194953339
38.8,-0.6319064549129179,-3.0257333436406064
31.95,-0.5884528009357662,-3.015742066967246
37.15,-0.6456792008796499,-3.112505423637727
32.7,-0.5886676117224835,-2.961537562127284
30.2,-0.6156630983022318,-2.8892684188451208
35.95,-0.6366643326998552,-3.0463977157389195
30.9,-0.6236862931975643,-3.0979137544571396
41.0,-0.6331717416792577,-2.9730727236098495
32.9,-0.620075715294402,-3.0246111668334597
34.85,-0.6397123953327287,-3.1606511573283624
40.15,-0.6771310298157973,-3.0100077611556233
34.0,-0.6134945373441266,-3.0471166615098224
29.75,-0.5959242832029427,-3.067988338271422
32.75,-0.6093347033194414,-3.1339346224428826
31.5,-0.5469741004487758,-2.98517907560193
33.4,-0.5919999933254371,-2.949546839443289
36.95,-0.6311952842357167,-3.012870094263613
51.4,-0.6918099906061328,-3.0020984813145626
30.5,-0.6079269159004321,-3.19308553916277
36.15,-0.6376467057516353,-3.2026782751974787
37.15,-0.6681671631945646,-3.1901104822260584
30.25,-0.5961488042781145,-3.1539764111324855
35.55,-0.6423665862412921,-3.1027268420382184
39.85,-0.6776022521058195,-3.1034553743437177
36.25,-0.5605663834966462,-3.081399749469339
34.3,-0.6399825148799692,-2.9907712495501135
38.45,-0.6695702680534262,-3.0272861043861026
37.45,-0.6555687980673431,-2.9957102817560566
36.3,-0.6488799717211299,-3.1077275179114783
36.1,-0.6477140324412944,-3.1385431505679997
35.8,-0.653862552166752,-3.1627005001502484
30.15,-0.6006795338903788,-3.03288042126749
29.5,-0.5427733605049592,-2.972648363352836
33.15,-0.6270275739574224,-3.0573606684317567
33.6,-0.6213240427894023,-3.105571424437851
31.8,-0.60043024273645,-3.069624255208679
40.5,-0.663873379191582,-3.082946938927118
32.25,-0.6085153531086411,-2.9844634638777796
34.1,-0.610013440796424,-2.9713735134738424
40.15,-0.6519785627838318,-3.0940317374985375
34.6,-0.5999872441733256,-2.999084594745862
36.85,-0.666826439618476,-3.0237567923159254
28.7,-0.5687663659583768,-3.0807817020085877
36.85,-0.6388587204512753,-3.148155998247219
41.7,-0.6883506378293027,-3.1964094417611113
39.8,-0.6702891435099448,-3.0161783311375516
30.9,-0.61441924336659,-3.0586376206381667
29.5,-0.5812165759700437,-3.1005057532987554
36.6,-0.669155419504549,-3.1044711498413537
38.85,-0.6158375084289063,-3.028281362282482
35.2,-0.6357014339336866,-3.0697423701126993
33.75,-0.6374201837800034,-3.0924701235773298
38.35,-0.6872369142475526,-3.0579848133243224
34.35,-0.6324872702610761,-3.188439223545141
32.6,-0.6173115312801459,-3.108345053284069
35.4,-0.6525798902226077,-3.0009866622383563
31.85,-0.6123287103564061,-3.1040905953886133
30.85,-0.6094925421017482,-3.228865451145329
36.9,-0.6596393225487595,-3.200423175383011
35.55,-0.6164431308918038,-3.197928795401526
31.85,-0.6238342802203481,-3.0309471511701123
28.85,-0.5846831195321223,-3.1160988576068793
37.7,-0.6642671121997464,-2.993519697122651
30.65,-0.5747454603607343,-2.937645894124574
27.2,-0.5618697228570186,-3.0605101311636345
33.85,-0.5941627659766369,-3.036380972831944
36.15,-0.643114399777948,-3.0732867129197143
27.95,-0.5776217448173094,-3.109517758704924
32.4,-0.5647639512528999,-3.1688318785057943
33.1,-0.6026326421898196,-3.1034677007268607
35.35,-0.6362912946343915,-3.040469534881713
34.1,-0.63232972341668,-3.0891449566222122
29.55,-0.5715584025164351,-3.0620256320930723
27.6,-0.5276269482151835,-2.9443230484879503
31.45,-0.6123277385266161,-3.0376596516377274
36.05,-0.660311142676464,-3.0917053354587187
38.2,-0.6826142327703917,-2.9650002056102887
33.55,-0.6204902890480433,-3.026339619391272
34.8,-0.5997761617126185,-2.983634411092532
34.25,-0.5562787646828874,-2.9406985852283842
34.9,-0.6404225794779561,-3.1197019422831866
34.85,-0.6450411268899267,-3.088696281366928
30.7,-0.5601499026899461,-2.9065902843862688
31.2,-0.6038923614078099,-2.9915609985243625
30.65,-0.6230965385958821,-3.0655935168917487
33.4,-0.6302889628773538,-2.9746482213909955
37.1,-0.646388090870724,-3.0593693855961104
35.7,-0.6289726140698666,-3.0625993760926375
30.75,-0.5859418842868862,-3.0816235756963195
34.3,-0.6362191048127807,-3.01061176953852
32.2,-0.6181742171227464,-3.0700186486427943
35.1,-0.6405946428868445,-3.136763253421131
33.15,-0.6210168450147548,-3.150683648453608
36.8,-0.6684263054204613,-3.132395866805522
30.25,-0.5938932031075028,-3.0664511998210924
34.45,-0.6124339076217714,-2.974523818872508
32.8,-0.6259103068743017,-3.089352973957131
38.65,-0.6496370871385047,-2.9220124785374084
34.9,-0.6467294518409531,-2.9841643703097076
32.8,-0.6308283829502853,-2.949830112340906
35.85,-0.6506550452580122,-3.057773347849004
34.1,-0.6084650181278403,-3.011778351309781
28.7,-0.558311625518643,-3.052529340988305
33.1,-0.6249540359169331,-2.7744586870747536
40.4,-0.6947854278748243,-2.849366874276032
31.7,-0.5829859666577976,-2.9815913750076057
32.25,-0.6198260252447704,-3.174914543751894
38.85,-0.6507182312803848,-2.9432018980608756
36.85,-0.632246366741303,-3.0524661949379737
29.5,-0.600026717802668,-3.142325398226535
32.3,-0.617067949027358,-3.053887428340133
29.0,-0.6005890572332246,-3.175742751417797
38.0,-0.669770015651889,-3.1108146683357516
28.7,-0.5299404723298544,-3.076141630943011
33.5,-0.6358432902022135,-3.1022203767953953
31.25,-0.6007532080780298,-2.963013298078752
31.4,-0.5794198069411627,-2.8824860978043163
30.1,-0.6082289061760779,-3.060417650132947
36.95,-0.6203244592996164,-2.8970796443844593
33.1,-0.6371013425137021,-3.038506443307541
31.25,-0.5657489387317749,-3.048879449013173
34.8,-0.6353625391980391,-3.0339299634198627
37.7,-0.6749428417840723,-3.141181991761304
34.3,-0.631445664305845,-2.934354238859941
32.15,-0.5907858231508278,-3.122494561814178
31.95,-0.5890470541936056,-2.928671767770024
37.1,-0.6540260158806823,-2.933857302672172
34.5,-0.608807516753363,-2.970752558068759
32.1,-0.620838509932374,-3.100204919218528
28.35,-0.5511679783773505,-2.8902659979267855
35.75,-0.6453228767091649,-3.093307634538583
30.0,-0.5851107879107864,-2.9248055383687537
35.45,-0.6354178111187428,-2.9350316328509427
30.45,-0.5987129285252674,-2.9224352671802323
34.95,-0.6516127673969566,-2.8910936076500624
35.4,-0.6358869630578287,-2.97944797634631
31.15,-0.5737929495379562,-2.9518513897039886
36.35,-0.6646180125003457,-2.982116903790841
37.8,-0.6693958887133323,-3.003852011637102
39.5,-0.6716159328023018,-3.095194059734531
30.35,-0.5940639114582116,-3.1070716218709484
33.9,-0.58844590043244,-3.0581603193269395
36.7,-0.6372752530438313,-3.0202527070205667
35.65,-0.6255098260602849,-3.1825722285906406
31.05,-0.5781891370397605,-3.0407049999366786
34.3,-0.6457488841599746,-3.019215044553802
31.2,-0.6004565005237896,-3.114924655891472
30.4,-0.5786172498756673,-3.0696356273199155
49.05,-0.688346818962409,-2.9357421604678238
31.55,-0.6097703484541342,-3.0234152329525616
34.5,-0.6405331740536321,-3.054867125645008
33.05,-0.617228501726551,-2.9721653576496
32.05,-0.6002550754385025,-2.9587136140868906
30.7,-0.6113404944324142,-2.915518899563305
31.5,-0.5805708307518185,-3.0092014808830094
33.3,-0.6405961602448336,-3.009690011262358
29.75,-0.5797402697822547,-2.9802538456432557
28.1,-0.5764545584289291,-2.967677971422808
33.25,-0.6266979259185061,-3.103845626268243
28.2,-0.5754610095042907,-2.9705507659846746
35.95,-0.6763978090579513,-2.962523953394188
34.85,-0.6375496521605625,-3.029572933220582
31.7,-0.5664843161065987,-2.891686458515388
34.25,-0.6410741319209958,-3.046007077843856
36.75,-0.6040484697634042,-3.012109780060542
31.3,-0.6179090010113794,-3.024447493434256
36.95,-0.6680301864503428,-2.999385488452308
28.55,-0.5889114009937513,-2.965870208269165
35.7,-0.6597208297648949,-3.0656389972920275
31.85,-0.6241895670192006,-3.03050870038475
42.05,-0.6371987027456953,-2.957606036079848
33.6,-0.5714429251921471,-2.9672171868908737
34.1,-0.613453110780916,-3.0077833990492904
28.35,-0.58059496958855,-3.0266285627416005
34.2,-0.6219731364456702,-3.1353598651004644
35.3,-0.6180175029897271,-3.022364227708028
31.7,-0.6088696666246756,-3.089155510752578
29.75,-0.6002212844403081,-3.228645300512553
32.65,-0.5835121609754292,-3.0388304848655343
30.75,-0.6172196049094872,-3.0161171921346517
32.7,-0.6159568346170821,-3.0528592754636383
27.15,-0.5610989078440078,-3.040741803552115
38.3,-0.6379185929282432,-2.899711748170191
29.65,-0.5416479297276343,-3.019258250572806
31.85,-0.5892765297173366,-2.9410714109658818
34.8,-0.6664738430972802,-2.895170851127611
40.35,-0.6855334340476805,-2.8450857842013697
31.4,-0.6187809176532002,-3.0840788902856326
33.5,-0.6340598616079635,-2.9975340508414794
31.65,-0.5866914804623369,-2.9434853454270953
33.55,-0.6271593111412829,-2.985566486374973
33.25,-0.6196667378777466,-3.002490963494275
32.9,-0.616086582836025,-3.099184635488026
30.75,-0.5892491436267734,-3.1419822944185465
38.1,-0.6316386319781245,-3.045077177542699
40.65,-0.6273844093921769,-3.032246483294732
32.1,-0.6140838403172965,-3.060866447473143
35.95,-0.6288620103723138,-2.9479221545544605
33.35,-0.6451209568384242,-3.039695502748078
38.2,-0.6672775521029838,-3.055171691655834
32.4,-0.6225285799671235,-3.1107491937337577
33.6,-0.6146433891664645,-2.8632505710891887
27.15,-0.5668469509223528,-3.0023767142414615
36.7,-0.6530342475407422,-3.07630511314956
31.35,-0.6052404008375524,-3.085988547579898
30.05,-0.6023065890605089,-3.044166671820278
36.8,-0.6488806696678261,-3.050026752018164
27.4,-0.5667761365178576,-3.0185498326180102
26.45,-0.5458832039490349,-3.0879326562452407
33.85,-0.6407676100428822,-3.0319179131808824
31.0,-0.6042231522651674,-3.0699110415302124
32.15,-0.6091805202584796,-2.9973391912428147
31.6,-0.6199783185250555,-2.943215409627614
33.1,-0.6310944427494741,-3.0494599131185836
33.6,-0.5713198883438195,-2.9957024261407352
33.15,-0.6099546701719263,-2.9117274750492763
33.45,-0.6218564963440989,-3.0704089974695545
25.6,-0.5073687750630078,-3.184649714434623
27.2,-0.5612828164935975,-3.022952554117787
32.4,-0.6193260532478182,-3.0231632155775334
38.55,-0.6269842680543376,-2.854788074685114
38.5,-0.6291340851750998,-2.9032257134182395
30.9,-0.605689949684515,-3.049862117156012
36.85,-0.6535148542926815,-3.020162556843437
42.5,-0.6222415903241066,-2.9427582314087504
30.45,-0.559670841043489,-2.978945672315023
31.05,-0.582821875290479,-3.0866151385689244
33.7,-0.6311930799971053,-3.085705876294925
33.6,-0.6362628874525453,-2.942012780002408
28.15,-0.5853584138512653,-2.9729587294892523
34.5,-0.6303593587965903,-3.097336579795425
29.35,-0.5814176095588509,-2.882446103029717
38.2,-0.6416762059285768,-2.973505256173543
31.2,-0.6060457891615487,-3.0488261310598435
24.95,-0.5247824629748418,-2.884448506072487
33.0,-0.6235117049493982,-3.0416956815528993
30.1,-0.5877974640708719,-3.0278879069331817
33.1,-0.6304654836166727,-3.120596860389155
32.3,-0.6086948638591314,-2.859799132423805
28.0,-0.5560327232796232,-2.800052403751781
32.3,-0.6025930890345108,-3.0483602313230476
31.5,-0.619178909798475,-2.8967725128013684
40.25,-0.6967035480176876,-2.814944201797451
31.65,-0.5991620342226782,-2.8922770070516766
38.7,-0.6217162449084275,-2.797246067210253
27.4,-0.5632628289467414,-2.971893809861222
30.65,-0.5911255313401897,-2.876317399389993
29.65,-0.6022949683286413,-2.9598726019395905
30.7,-0.6182101615172266,-2.914853601225126
28.4,-0.5336562581249283,-2.851886863514517
33.35,-0.6056891877792093,-2.8604937371248367
32.3,-0.5517989850881999,-2.934496141072922
31.4,-0.6273083467765141,-3.0155681369701712
32.4,-0.562094246767461,-2.8117508059799854
32.25,-0.6020332097585506,-2.7926796822759004
37.95,-0.6780724718571386,-2.7700438650055093
38.1,-0.6894499307450392,-2.898399312330487
34.0,-0.5989027897899888,-3.0074571850648626
34.3,-0.6042074674422522,-2.910397709183948
33.15,-0.6164842693650567,-2.8616774902679865
31.0,-0.5977785043658262,-2.836419264623908
31.15,-0.5831986356149222,-3.0186682407490943
33.9,-0.6197695919845199,-2.897433790837458
29.7,-0.589246864884071,-3.082447445388583
33.3,-0.6185735846209985,-3.0727159751865973
35.35,-0.6560187092364542,-2.966482170372392
34.8,-0.6348123949626236,-2.8452037639312477
31.05,-0.6139944880084048,-3.11071704396282
31.25,-0.6105682836641205,-2.9108361540466143
33.7,-0.6332976916289376,-3.0284284350060857
29.35,-0.5765137153151858,-2.9503097946348897
36.85,-0.6367420648687844,-2.8219656111830256
31.2,-0.5614992505187498,-2.872891459026971
27.95,-0.5799999579840504,-2.8130779790895937
29.2,-0.5668806141980216,-2.8073437869832323
28.7,-0.5584035778790167,-3.028035504709501
34.95,-0.607367739339064,-2.967897197814888
29.0,-0.5778660277089633,-2.8962069520635367
28.75,-0.5783621430001742,-2.882465011642273
30.4,-0.6005532485933097,-3.039488764140727
29.95,-0.5682968155667358,-2.947769664823078
35.85,-0.6030540327125016,-2.9524604923631386
31.2,-0.5746167568332955,-3.0573560004227756
32.9,-0.6092163343842908,-3.0688975186874816
34.7,-0.6445361875098878,-2.9926292874526657
31.3,-0.6058028916482551,-2.8466682518601605
34.5,-0.5875616490327511,-2.910449942359203
28.85,-0.5756236114519869,-2.884867874699716
41.1,-0.6484885068712399,-2.782170684710751
35.1,-0.6259207187148365,-2.9592260937258783
29.8,-0.5363943021741175,-2.9242062771670914
29.5,-0.5798111782893629,-2.9705371307634665
28.7,-0.5903548955070694,-2.8853970784572516
28.15,-0.5525969633122065,-2.8625188554151832
36.1,-0.6713658565775271,-2.831148103034216
38.95,-0.6470654885675289,-2.923397890572839
33.65,-0.5943421553558996,-2.971524869409675
30.5,-0.5467851051373838,-3.0298525698756675
28.8,-0.5257645102917852,-3.0555105424072373
33.65,-0.6129112981763176,-2.8739889727922483
36.95,-0.6564153659595283,-2.9020616928641125
34.85,-0.5953810175819361,-2.79100487622984
35.55,-0.6289644024143248,-3.0536441464773105
37.75,-0.6750650639660993,-2.915368274720942
30.9,-0.6058293415732094,-2.989046191989723
32.85,-0.6171078262995792,-2.9762855320352846
32.9,-0.6131881303216615,-3.027085200139365
34.45,-0.620342521895228,-2.9350751058813778
36.55,-0.6288563107429207,-2.8192803676898874
34.75,-0.5991221020758584,-3.054451824670747
28.65,-0.5929311120209706,-2.954068037154093
29.2,-0.5956314259482821,-2.8560588515877545
31.3,-0.6037877846869693,-2.9068648141239044
33.65,-0.6288184522331803,-2.9044387198528914
35.0,-0.6188762786634563,-2.9157756548089657
31.8,-0.5703126229021597,-2.7946556497512427
30.95,-0.5753670201793198,-2.799711043283013
33.8,-0.6094311074440344,-2.967803571206967
36.6,-0.6806412223215254,-2.897607533699433
36.9,-0.6489924262141797,-2.953751359921966
32.15,-0.5809322689817648,-2.977684765272506
38.2,-0.6601729231697248,-2.967080280564594
29.85,-0.6113242939179557,-2.9829202737930753
28.8,-0.5368105727045231,-2.83963739230294
31.55,-0.5963037830809415,-2.9366218956230568
30.15,-0.60729716379501,-2.95875149622351
33.55,-0.6381762053776061,-2.8536050403702107
41.65,-0.6782589300693542,-2.739230060743204
36.6,-0.6181010494269611,-2.813778453228206
32.25,-0.6155438599456707,-2.766762237631201
33.7,-0.612839423955501,-2.8840400926110146
34.35,-0.6438024775337357,-3.005816040853403
34.1,-0.6296092471406949,-2.9481547081960473
44.35,-0.656604821832061,-2.960809895479867
34.6,-0.6212766316307401,-3.0360897338481196
35.5,-0.638873022080539,-2.9719307701762623
29.65,-0.5902820313131889,-2.8925395488240864
35.85,-0.6302198795257525,-3.1011400503225754
41.95,-0.6455627580825626,-3.1357842583695366
30.1,-0.5931471498934423,-3.0747181187120876
30.6,-0.5895142302366471,-2.94820879882611
35.3,-0.6411530040000362,-2.944748661311258
39.8,-0.6827068058115355,-3.0004066361858515
36.05,-0.6660710494773314,-3.0906546039859073
35.55,-0.66919336017284,-3.0210780222666616
30.85,-0.5514542366703629,-3.0515167692058407
27.6,-0.5547520282495191,-2.9578742007516654
36.7,-0.6172786658745708,-3.064493701206888
41.05,-0.6744563242283096,-3.053186651196667
33.05,-0.5426380886841631,-2.931539433075522
28.25,-0.5826349592916221,-3.015590955898666
34.8,-0.6435870391649364,-3.0131324158344825
32.7,-0.6022462869272458,-2.966176525630675
34.95,-0.6537880792479868,-3.1646110802694336
32.75,-0.6406819740474905,-2.853694726140963
33.85,-0.6537026518836969,-3.0024685316171165
30.2,-0.5905508337759817,-3.0054553525142316
37.15,-0.668288899161556,-2.9740682186978193
27.9,-0.5531977101946186,-3.040248472441333
32.3,-0.6216731780576014,-3.041935640909756
28.7,-0.5778360268744365,-3.088860083991886
30.75,-0.6191078696890017,-3.0440610078273345
39.05,-0.6862431428768212,-3.027345321351336
33.4,-0.6412140835800558,-2.9797395523201495
34.25,-0.6450166705966304,-2.9667615425360703
33.9,-0.6300238846945566,-2.9827085555246144
34.9,-0.6653934382067528,-3.0524352035858735
29.4,-0.6069985024648213,-3.0641532893048353
34.35,-0.570795658445858,-2.920180547650079
35.5,-0.6420821937142285,-2.9700707435965645
28.15,-0.5669253554587379,-3.0055572455033976
30.25,-0.5782168165338253,-2.9485900951383317
36.6,-0.6654537178280074,-3.013595788366347
31.05,-0.6221457185777778,-2.8209543826624754
31.0,-0.5959024365150392,-2.92529264679238
32.0,-0.5954279717234223,-2.9410023860363834
28.45,-0.5875173785567256,-3.0163095767584878
37.85,-0.6711337503944319,-3.154662184067731
30.9,-0.5698999767531673,-3.050349162167197
30.7,-0.6035700802549043,-3.080664486709103
35.3,-0.6179892762270468,-2.972313871980263
30.05,-0.5986126238133227,-2.881702536478758
27.65,-0.5495641260090494,-2.978633478078263
32.15,-0.6189844044748154,-2.963570029059117
35.75,-0.665961706552324,-3.053000620064618
33.2,-0.6429356639980371,-3.127302303856805
38.4,-0.6558328264502449,-3.0804353237208897
38.85,-0.6522018006704824,-2.9033846666591936
34.3,-0.6441468347845773,-2.982506005437497
34.15,-0.616386473700355,-2.7854307552885045
35.25,-0.6417000262049646,-3.022458387470462
27.15,-0.5546088909025423,-3.0663566611218545
32.8,-0.6016101241307618,-3.1826638369992257
33.55,-0.6166601635510588,-3.0453144531797864
32.75,-0.6038008147212388,-3.0231251124514538
35.9,-0.6509057344324196,-3.143357534845422
33.0,-0.6065420093212996,-2.9968886471022715
38.05,-0.6637185902644992,-3.1605029094912735
42.0,-0.6802541094674098,-3.0455071001920917
35.65,-0.6541471405021857,-3.1747815866382956
36.3,-0.6342488292776967,-3.1151662487042424
29.8,-0.5871277759059258,-3.176331322593417
37.4,-0.6324014216536884,-2.9842233043963375
29.4,-0.563725070726656,-3.1367617096230873
32.2,-0.6373381000662672,-3.088205048987118
39.15,-0.6773728602124053,-2.94234177412708
36.5,-0.6469637148547149,-3.066261962674207
37.7,-0.6182471301442197,-2.961147455255321
34.25,-0.6143270716044131,-3.026977174466638
28.2,-0.5503862346169262,-2.902177494089503
31.0,-0.5971703818135089,-3.0202614703806874
43.15,-0.6645370270427701,-2.9178541448682447
29.05,-0.5938033826628403,-2.9971610772074544
35.15,-0.6201603673545788,-3.027719364506726
32.75,-0.6204209045293652,-3.106364811065538
31.5,-0.6067806044061688,-3.097575780772614
32.2,-0.5893900541957618,-2.942078602977192
34.95,-0.6430934660257173,-2.987411709978998
30.3,-0.6065247017463207,-3.0219003633281067
36.05,-0.6514621720970021,-2.958221293762327
34.75,-0.6313786592785374,-3.1582079143517587
29.1,-0.5963554489269725,-3.052480792083599
35.8,-0.6528408312867487,-2.9398088610727555
29.85,-0.5552160938418638,-3.009766638928144
31.45,-0.6227829432279148,-2.946530913953285
37.7,-0.6246988187600448,-2.9902254171397105
33.85,-0.643017909248562,-3.015587197606922
28.05,-0.5718476568661411,-2.9489550681269914
32.9,-0.5643632704595347,-2.9774597043647377
33.15,-0.5787121372332888,-3.0349185270453694
33.3,-0.6484071197169715,-2.9819415227163906
30.85,-0.5975830356021234,-2.9059731751876465
32.55,-0.6390539780120066,-2.975022982207384
37.1,-0.6467032470895384,-2.959217996109158
31.9,-0.6138342400502986,-3.069808304916509
29.65,-0.5822126303116805,-2.968286462742768
32.45,-0.6200037271398514,-2.938021118084948
27.95,-0.545291859585511,-2.8315159794436515
36.4,-0.6177787830661176,-3.010531452399215
30.35,-0.563093274282434,-2.9248588004231
35.4,-0.6366967939036763,-2.8066740592315944
31.95,-0.6162282589542868,-3.095694597512962
36.95,-0.6590674545615715,-2.832587752278681
32.8,-0.6262210863682967,-2.9726212623280244
30.55,-0.6051627818184079,-3.0246726618280704
26.7,-0.5316435672699285,-3.0480517597758645
33.6,-0.628832664462874,-3.1355580166318817
36.6,-0.6214011124097513,-3.0256287716314185
29.4,-0.5671957007981251,-2.8990258105726494
41.0,-0.6390386764955606,-2.9570444236829534
31.3,-0.597118438149748,-3.0547075171731173
30.6,-0.6092753893091138,-2.9913292100562763
31.35,-0.6013514873584639,-2.9487153829164043
30.8,-0.6070313517996031,-3.137595370150589
34.8,-0.6710223734723899,-3.116440516480533
30.1,-0.5762005034179059,-2.9148638947025
30.9,-0.6104846577426162,-2.8439696792605025
34.4,-0.6515807073024821,-3.0883531271702567
30.4,-0.6095376985088639,-2.8500776307396807
33.55,-0.6400885795523955,-3.009069073414626
33.65,-0.619256705553183,-2.965755688160351
34.85,-0.6566119133761356,-3.1189275436403046
38.9,-0.6753812178326839,-3.0119798018441073
33.8,-0.6516168101865372,-2.9002092996352573
33.55,-0.6224711100022249,-2.971772463324832
35.75,-0.6213686908995155,-3.106527659514252
33.05,-0.6295345602855326,-3.0510560257466723
29.1,-0.5769154979670488,-2.9315892745445247
32.1,-0.6159692386937445,-2.963015400185365
39.9,-0.6318341027816604,-2.905507618335421
27.6,-0.5382475093320364,-2.9844276602079876
31.35,-0.6258573625596546,-3.0539733165273275
29.7,-0.5724285898693575,-3.069867336888419
30.8,-0.5956502909975284,-3.1055831268892478
27.8,-0.5288146018316816,-2.9190523564838275
33.6,-0.6344384183904487,-3.005770852873378
29.1,-0.5845024186570481,-2.923863698514444
34.35,-0.6241295624722571,-2.798076669655898
34.3,-0.649933900770911,-3.0557680246311376
29.15,-0.5648061662439116,-2.86025919568446
34.2,-0.5985822197983991,-2.929746192382491
32.65,-0.6379299635812623,-2.9100764047260546
31.05,-0.6252582188524153,-2.955056143828393
33.85,-0.634727880566726,-2.8166726588447872
30.9,-0.6088766902457916,-2.9546164699417092
34.65,-0.622437116719021,-3.0180040604760743
26.85,-0.5231467007190523,-2.8660079658101774
34.15,-0.6410047459995201,-2.98454321465569
31.6,-0.5895838428837508,-3.0690759074229135
39.3,-0.6068699678312501,-2.898221949899281
35.05,-0.6145289051446724,-2.9876336794814344
31.8,-0.5796684894328652,-2.9625855282227787
35.15,-0.6473749303926564,-2.9218503117735386
28.1,-0.5901906120084532,-2.8595922348258296
32.9,-0.6012070810784806,-2.836249618685814
33.9,-0.6349809261149739,-2.942826361677636
33.0,-0.6123133763679907,-3.0004026795402976
32.75,-0.6195672321976406,-2.9396426159334554
27.7,-0.5607590558617782,-2.889073592209357
38.95,-0.6490125867264195,-2.900006178551693
30.9,-0.6009423426783931,-2.9656224273330465
34.3,-0.6439407430226801,-2.8742853868157052
30.3,-0.6140498584643674,-2.975743499726207
26.65,-0.540057064085756,-2.8442325661650285
33.7,-0.6087938983655097,-2.992977508181557
35.55,-0.6468912446384005,-2.8919685988119217
34.5,-0.6291778732520782,-3.0152160173671225
38.2,-0.6555272724297209,-2.974218396683814
30.75,-0.6017016067893415,-2.8608812764714644
33.1,-0.6018917185582283,-3.015699241724083
29.5,-0.550177149134631,-2.9350335485517363
30.7,-0.5923408903629562,-2.8863139731050738
34.1,-0.658751986082652,-2.925879701537302
31.9,-0.6236577967912982,-2.826067941543025
30.05,-0.5669406732485249,-2.902470865550938
34.6,-0.6338205326884438,-2.9354636814558974
26.3,-0.5063871939015853,-2.875492287870624
34.6,-0.6059909941472496,-2.9697543616863165
34.7,-0.6149736148021385,-2.912567652714488
34.15,-0.6368460975057135,-3.017343567195776
37.45,-0.6501870631509468,-3.0170758870132577
29.05,-0.5743131090614466,-2.873106795515068
35.25,-0.6338017307609217,-2.981867165528315
33.7,-0.5997517486837066,-2.922632048807313
33.55,-0.6031361782627149,-2.9202418371850665
44.15,-0.6714709758105222,-2.9486354610077834
30.85,-0.5713480631706009,-2.9928868016457475
27.85,-0.5811943358513341,-2.971154221320793
35.85,-0.6464989856042971,-2.8950802377189415
32.7,-0.6046589492142058,-2.9546803082661413
30.85,-0.5856569575301391,-3.0504618405823107
37.85,-0.592641685218809,-2.9225972634765607
32.7,-0.6055249510800794,-2.981351376231561
35.4,-0.6339754356487176,-2.798487400143382
39.05,-0.6472331490154186,-2.928362553925887
30.45,-0.5905891336822934,-2.9763228181111847
39.7,-0.6664339770462429,-3.0493078838379915
34.75,-0.6278096373503216,-3.070100551957638
32.1,-0.6178212209963438,-2.898353225537526
34.2,-0.6415045059063882,-3.059347052472731
31.9,-0.6300054557190102,-3.0189199073917856
32.85,-0.6199878439927347,-3.0244776434386056
30.35,-0.5968291273195065,-2.9492208551424137
35.6,-0.649149457224397,-2.9630736390104744
30.1,-0.5573006850262168,-2.910751219082669
31.95,-0.6123991294670247,-2.9686076045795033
34.35,-0.6272832722121382,-2.892125186695799
29.3,-0.595552912109107,-3.0244610740186912
32.9,-0.591870896551699,-2.9635478681317298
33.8,-0.5597584485219977,-2.935552669057908
35.75,-0.6254382361285595,-2.87987931489311
35.4,-0.6400805787485951,-2.985244740418947
35.1,-0.6413547538824551,-2.921179848253634
28.55,-0.565012594722816,-3.0302149362007897
30.4,-0.5928509932442237,-2.9360132050786656
36.9,-0.6435331034291888,-2.930400814632871
37.15,-0.6344977604564865,-3.033901559256921
28.1,-0.5537589235733005,-3.0512322247522636
32.35,-0.5942577057698417,-3.000695916816648
38.05,-0.6634711986847356,-2.976976760715057
30.6,-0.6126881475005967,-2.922962899879866
33.6,-0.6274626177276225,-3.0646834664841274
39.25,-0.6630137001902656,-2.9613455580064323
33.1,-0.6260389512251383,-3.0222873836240174
31.55,-0.5974182569768888,-3.0031653270226824
32.55,-0.6114761931423375,-2.9539225437033134
34.05,-0.6236512318363135,-2.929781792069514
35.0,-0.6327572703514376,-3.097035167653393
37.75,-0.6841883632595742,-2.938060067578602
34.7,-0.6454763156209596,-2.9740582326022382
35.2,-0.6407810774005599,-3.0235131113863862
